.915289
.572151
.110006
.412216
.052911
.567211
.019682
.365961
.497953
.091225
.413000
.067852
.098274
.641700
.574626
.069869
.340292
.581606
.826590
.419755
.023596
.083949
.911953
.090971
.290181
.087908
.810872
.326796
.784490
.878489
.082826
.085929
.543747
.579084
.082329
.829854
.459885
.918973
.638787
.710761
.087034
.371696
.111246
.072883
.587196
.731988
.533488
.106133
.591977
.897508
.856879
.578743
.181784
.124115
.111598
.604216
.011466
.419897
.590041
.096774
.067272
.554724
.095377
.109259
.616589
.075331
.629263
.385215
.103311
.911686
.863756
.592598
.918511
.081166
.362441
.625274
.352743
.116826
.735973
.911838
.495104
.879377
.083523
.091980
.912982
.910197
.764336
.073404
.609834
.666100
.383103
.920802
.637022
.395997
.137050
.922192
.651314
.420054
.896214
.081123
.188945
.855780
.295025
.909337
.110704
.713812
.709479
.883063
.671128
.547042
.922544
.083765
.077973
.026116
.872257
.777663
.124355
.581566
.650469
.817162
.073158
.361761
.870039
.114292
.814993
.905324
.134038
.788756
.289283
.527561
.909563
.469793
.165452
.365611
.117278
.143218
.880553
.084534
.070306
.091569
.886451
.040435
.287158
.550137
.582837
.084361
.756578
.119383
.083929
.068782
.595592
.776905
.064367
.114917
.053815
.416141
.078119
.559199
.176033
.571342
.335102
.484040
.832545
.281013
.644479
.802154
.856688
.071004
.624093
.839488
.530174
.118511
.652255
.583592
.920781
.397411
.094340
.146699
.072979
.471766
.512207
.509344
.132953
.144149
.654161
.023200
.900689
.083631
.106112
.123172
.848488
.350881
.682396
.878225
.575083
.080361
.511906
.171159
.078049
.023966
.093720
.907564
.654120
.383310
.549562
.868574
.129385
.886862
.096342
.384406
.839328
.879397
.742758
.466943
.869509
.602470
.094389
.070331
.592109
.074348
.196610
.587452
.920662
.041007
.491077
.906709
.054955
.382541
.299139
.462049
.195834
.398397
.557665
.380477
.072897
.278602
.402596
.061040
.086817
.106963
.873491
.176591
.631187
.086777
.592866
.076624
.089999
.475874
.201229
.321487
.909714
.919639
.704336
.087027
.261876
.099965
.483662
.445641
.043275
.571105
.876583
.552132
.919813
.913366
.059595
.062370
.331060
.123810
.821798
.298586
.070164
.071811
.071875
.075279
.883479
.924775
.922420
.439130
.095021
.886576
.650401
.630272
.733952
.529283
.314124
.067952
.076774
.150157
.092414
.310678
.085367
.905252
.580987
.370292
.903937
.441445
.751538
.339988
.832481
.768864
.592443
.073352
.358142
.341673
.188467
.044428
.918408
.087720
.750437
.325110
.700190
.067383
.082541
.889822
.825508
.195961
.646986
.090477
.182571
.658425
.325292
.700461
.601207
.159020
.597373
.518091
.909868
.084063
.640414
.635007
.087713
.897611
.127385
.893641
.552819
.643203
.081792
.643603
.105718
.329568
.569314
.087118
.073909
.293261
.582936
.272696
.669178
.455169
.573795
.081681
.258167
.122859
.085109
.633746
.356092
.203814
.104142
.567316
.552306
.074509
.074806
.546061
.662310
.428253
.130867
.700677
.694527
.916064
.233206
.901506
.071025
.096713
.110842
.091619
.585997
.762981
.337367
.588005
.072786
.568374
.450971
.748745
.471589
.622647
.829986
.099916
.869826
.054935
.080299
.875377
.284899
.080653
.658398
.050124
.071797
.879111
.926327
.438256
.900275
.513931
.740354
.088468
.077483
.918792
.094329
.815497
.345228
.256247
.191712
.091892
.155409
.893727
.913660
.519548
.595187
.079781
.909774
.168346
.073229
.913439
.031155
.564485
.899512
.107495
.026361
.854297
.605821
.320140
.543359
.793049
.801642
.085563
.026174
.895742
.303505
.804407
.073336
.031082
.323253
.275873
.083305
.516937
.111676
.089025
.111253
.705044
.905505
.144044
.377425
.189315
.187991
.562988
.164944
.098212
.091799
.902014
.073156
.615165
.863146
.060842
.828182
.521206
.083834
.082158
.817579
.102081
.283643
.738654
.912350
.596715
.072877
.886650
.186573
.645426
.072870
.498865
.328421
.926586
.052356
.569098
.097093
.393365
.016966
.581124
.073337
.855515
.910344
.593751
.842793
.562413
.564007
.168140
.364158
.708971
.568594
.066378
.885712
.135803
.620134
.129317
.131945
.854865
.065305
.422247
.771080
.498652
.868658
.735829
.893595
.349791
.672256
.835356
.300916
.917239
.693623
.245459
.857996
.282630
.051885
.591137
.313937
.275381
.587588
.903378
.878898
.570748
.534368
.114667
.126486
.084650
.753170
.224167
.723062
.172892
.120613
.872352
.593769
.072994
.797904
.074224
.289257
.388635
.865897
.102703
.073105
.523527
.513586
.330158
.084739
.807695
.591040
.653154
.902966
.435762
.465048
.091266
.439332
.683717
.835043
.580383
.492002
.917036
.098785
.794873
.080062
.089167
.038097
.098764
.090436
.711009
.071150
.165393
.145061
.909818
.572953
.481470
.855167
.617458
.036085
.073128
.926847
.033171
.166032
.634652
.522281
.105778
.107462
.085436
.322315
.518440
.911384
.069113
.895829
.574791
.281606
.477178
.881990
.073164
.105328
.122944
.073155
.373378
.085609
.627513
.799217
.889953
.561003
.073558
.138595
.556064
.590353
.857267
.082878
.397246
.913398
.086523
.768260
.775538
.824225
.318101
.527625
.859340
.409328
.619422
.481566
.154651
.668214
.071824
.084093
.410413
.089951
.633912
.754409
.453379
.915369
.078348
.507377
.869459
.074649
.911063
.059889
.635511
.104586
.345567
.495783
.071847
.290762
.915510
.094054
.137670
.518354
.342124
.083896
.059631
.854341
.268365
.086860
.442863
.055114
.539962
.095757
.363758
.915687
.161834
.815783
.333723
.078495
.872850
.401240
.391475
.899148
.161659
.119447
.018771
.692522
.272101
.087936
.622913
.578669
.550238
.774306
.757177
.164453
.072818
.592165
.656035
.419049
.896600
.711997
.085182
.732585
.687773
.486366
.480082
.084742
.808604
.084163
.624543
.254419
.917284
.474549
.075910
.828007
.746967
.434821
.089935
.917221
.072913
.895521
.402553
.083621
.084962
.180251
.073671
.592077
.857881
.926473
.374023
.505063
.086050
.104234
.897715
.044539
.581533
.737082
.635823
.596904
.587535
.854836
.257016
.189624
.385381
.119025
.913159
.460343
.546161
.137005
.072466
.565253
.727575
.094636
.909393
.632179
.107479
.072454
.073446
.925809
.717576
.085963
.557122
.628645
.847981
.485628
.285543
.121927
.873798
.488295
.895270
.517069
.083893
.495266
.108366
.072119
.884339
.778945
.071594
.338695
.073221
.914233
.160347
.839371
.475274
.297937
.294164
.554637
.121813
.647000
.063743
.391875
.075525
.180191
.233165
.831469
.195501
.362282
.073124
.096757
.456341
.073603
.631909
.415502
.099741
.208424
.277941
.858071
.894478
.707640
.614620
.811896
.202740
.887967
.111707
.725531
.072292
.896609
.597291
.084703
.693467
.093034
.136044
.604872
.085905
.906025
.886992
.086055
.927288
.480551
.694163
.905891
.379140
.567875
.767579
.594442
.591255
.587696
.531034
.582506
.069890
.048638
.323120
.854189
.626254
.072932
.920785
.073113
.211652
.335155
.107202
.070522
.460831
.318782
.086435
.597646
.074738
.580422
.084822
.325382
.070861
.084159
.085083
.084746
.815309
.617664
.097598
.848897
.141894
.809689
.547248
.471002
.557847
.166704
.083949
.899065
.916091
.125725
.014857
.115674
.771887
.537620
.920019
.035189
.895751
.559737
.884130
.092705
.597686
.072506
.106882
.090720
.307369
.885911
.718739
.650752
.063637
.082958
.073194
.073364
.377923
.243284
.895153
.919671
.723634
.441469
.088843
.272669
.927251
.300125
.222725
.151740
.698943
.073327
.897233
.083771
.912898
.563502
.461560
.415600
.560702
.826871
.917677
.510956
.173216
.799527
.191686
.128361
.579578
.158820
.575951
.090670
.901808
.073369
.097646
.073115
.465976
.883762
.913272
.403900
.632742
.371203
.069089
.582467
.172536
.578690
.539357
.073131
.914299
.451816
.094771
.922627
.036481
.836652
.540030
.073266
.832501
.518652
.350993
.472710
.774949
.197792
.762502
.308478
.593517
.813733
.902231
.014420
.090733
.913555
.572689
.144354
.091981
.835932
.187409
.665950
.471311
.029112
.020792
.517248
.921550
.625205
.856053
.904037
.074823
.897424
.073061
.356059
.414004
.210133
.130548
.770343
.034811
.147397
.091526
.068604
.011314
.091569
.383959
.353193
.148805
.300638
.146880
.214833
.680342
.454405
.088770
.872114
.882143
.161638
.151090
.911378
.346514
.187762
.447129
.117495
.092320
.888152
.424635
.556560
.912756
.087821
.790539
.331042
.900893
.353490
.094789
.620647
.402032
.926175
.074706
.042564
.073161
.218987
.097456
.540188
.089923
.901346
.910035
.098178
.648990
.634204
.088269
.172549
.845536
.571811
.773625
.110505
.633492
.371742
.073406
.593874
.083975
.235879
.057607
.351654
.193793
.588894
.114396
.610917
.566049
.442115
.083871
.062616
.188450
.081791
.403845
.069386
.209355
.616409
.071835
.427013
.073174
.073356
.858363
.898984
.749222
.214872
.083975
.560773
.145625
.169869
.870679
.086374
.073132
.073127
.583938
.085371
.060528
.577422
.919872
.020872
.262453
.887131
.573487
.075084
.054370
.360498
.079764
.633520
.063399
.073192
.098694
.072815
.619522
.085289
.109757
.096171
.904521
.594564
.064967
.071571
.628005
.072112
.465876
.026478
.109903
.905757
.468875
.091927
.094746
.593614
.898825
.067952
.883303
.555081
.040108
.907491
.595895
.071627
.539904
.094355
.912155
.375414
.895758
.384064
.844336
.777646
.112286
.074190
.336402
.083730
.341283
.571587
.511011
.075196
.687733
.018625
.608231
.145102
.863325
.744720
.027529
.899429
.036807
.099032
.572774
.014190
.918463
.093217
.549106
.087571
.058759
.084255
.586335
.067142
.084197
.909739
.075163
.494325
.686783
.872875
.614802
.104209
.517361
.120373
.910950
.590622
.884609
.458724
.523972
.841051
.500982
.127412
.098377
.104671
.664244
.527230
.524998
.588735
.134043
.911623
.470947
.905585
.845620
.526320
.129002
.887489
.712441
.909352
.287681
.081667
.605251
.617500
.896623
.696166
.359029
.073138
.691241
.118638
.544541
.733600
.190490
.409055
.474017
.064236
.547283
.741062
.575095
.199758
.066016
.492902
.906604
.076605
.086486
.087564
.103103
.532976
.126026
.547920
.083852
.909745
.723495
.071325
.072891
.898498
.597255
.557419
.569239
.095912
.086298
.072791
.046838
.049607
.101775
.095937
.544153
.918587
.126812
.150472
.912340
.100940
.615793
.288862
.304161
.902107
.099621
.250172
.909927
.072945
.041821
.884252
.074372
.530550
.073265
.799534
.919036
.906472
.147239
.076180
.121915
.874998
.788657
.070071
.858287
.189152
.303045
.627786
.084429
.260215
.084107
.067681
.113952
.096900
.075775
.602766
.351505
.084106
.136726
.760326
.330147
.084172
.805113
.655983
.447223
.073263
.080430
.132907
.774897
.079862
.444635
.095245
.906615
.084200
.520119
.910989
.085240
.897583
.693880
.335506
.012529
.919719
.042958
.621300
.573983
.593131
.079204
.571591
.040435
.895753
.081561
.493503
.078052
.882142
.696259
.085069
.503810
.879175
.297031
.664873
.875125
.015700
.175095
.029267
.318893
.812923
.641155
.072922
.577281
.079453
.831548
.607379
.089487
.527867
.079667
.048089
.790031
.083917
.291753
.477358
.576806
.082648
.092727
.099487
.668316
.910969
.435906
.766118
.700227
.591922
.129777
.913735
.655864
.253450
.086597
.086469
.918801
.291805
.563178
.911066
.162969
.154508
.508771
.629907
.082218
.096679
.911436
.076904
.083329
.926622
.621110
.914713
.110257
.037340
.652433
.644050
.112762
.157605
.920651
.811229
.088763
.571167
.551218
.913140
.416192
.280074
.104325
.778911
.892385
.360694
.073237
.073255
.145297
.108440
.923185
.910858
.642516
.077070
.582750
.520139
.894774
.550486
.411462
.163036
.075570
.072306
.083727
.083895
.912586
.208607
.913622
.084670
.914058
.873908
.072786
.221392
.914889
.533720
.384372
.191508
.167895
.324877
.699543
.691952
.448545
.909883
.898676
.595065
.087467
.533388
.065058
.073666
.485666
.092841
.521933
.091889
.103827
.338380
.913017
.204562
.889961
.923792
.462604
.073002
.085876
.438681
.211233
.381079
.144759
.728932
.072669
.295026
.322387
.895683
.604257
.177317
.073006
.318248
.919635
.030924
.911683
.854081
.848132
.438010
.330077
.094713
.331763
.815695
.086392
.910728
.624155
.917579
.190258
.469102
.128758
.017552
.601841
.072751
.310812
.071844
.871995
.072973
.280256
.042607
.868560
.776657
.083962
.243210
.669670
.125730
.503796
.898944
.476793
.490092
.530550
.433980
.721719
.872576
.900393
.803906
.715156
.089432
.044612
.720692
.073160
.306599
.072949
.068967
.072854
.084373
.785385
.073129
.923169
.515201
.089000
.346810
.112519
.748307
.011306
.213390
.532339
.598222
.083662
.711722
.069750
.170162
.857953
.323407
.674535
.846405
.086439
.581513
.437279
.367998
.194286
.527953
.116946
.124055
.150450
.084142
.142746
.642845
.178138
.502189
.515552
.452102
.871986
.132299
.727456
.273357
.518642
.668872
.044098
.249887
.560341
.458684
.121518
.319842
.921080
.304839
.428022
.094520
.469383
.134338
.016887
.879208
.234897
.075843
.760983
.910981
.814746
.448070
.018717
.859086
.465674
.083711
.230678
.721410
.850795
.336154
.863986
.533082
.856906
.100398
.101966
.791925
.909240
.608569
.799553
.032030
.909214
.457805
.084191
.347946
.672531
.180921
.064697
.036658
.060588
.860869
.172748
.083342
.093192
.149781
.371750
.018506
.029188
.088602
.870724
.566586
.085663
.897775
.293126
.073207
.622277
.916946
.576094
.558583
.072555
.285248
.899078
.077629
.072719
.590501
.707320
.095603
.126645
.215803
.140850
.097796
.593038
.607399
.304991
.054012
.079250
.618784
.316292
.561803
.592392
.017914
.075283
.355990
.526454
.619691
.561306
.757554
.578861
.349349
.454263
.066290
.342004
.581706
.017844
.909753
.262591
.273985
.177609
.185364
.766743
.309463
.410238
.143372
.425852
.676434
.478242
.084726
.083662
.080214
.419115
.073124
.085934
.563563
.117821
.446029
.102423
.873196
.077641
.332359
.535618
.070453
.411727
.533880
.877144
.341541
.649382
.913526
.073160
.178048
.877478
.894456
.765628
.574595
.091443
.903962
.074707
.382862
.540947
.173132
.060066
.502212
.078393
.103038
.127951
.781399
.070083
.445871
.857298
.441641
.047137
.289070
.622226
.571791
.084340
.482647
.319527
.073990
.048518
.070803
.078068
.890042
.051455
.543328
.567410
.438500
.880529
.894396
.776799
.684088
.853248
.103748
.075570
.262227
.088794
.921212
.911420
.918116
.565493
.043543
.083781
.172627
.188205
.429360
.091358
.572183
.328299
.058827
.298833
.786658
.745289
.511844
.114919
.074258
.585337
.286600
.562557
.621558
.082250
.891368
.634491
.473336
.086612
.477680
.909206
.011733
.073275
.651346
.557654
.453408
.084238
.072810
.127818
.422506
.913203
.600283
.499500
.920809
.848394
.895047
.614275
.074714
.061578
.335516
.618994
.403423
.537156
.205135
.394165
.092966
.890092
.542426
.084258
.072618
.600357
.493242
.086249
.095013
.926791
.663458
.104867
.073428
.686784
.670846
.840044
.469693
.176103
.910949
.681373
.331903
.917776
.084035
.421077
.480597
.292363
.737086
.125946
.619448
.229821
.141956
.145377
.434232
.927379
.244518
.682834
.791748
.407934
.088194
.083992
.433792
.541196
.078778
.057848
.363788
.565388
.424074
.184766
.319059
.121928
.097272
.369930
.439862
.084270
.063557
.084679
.083352
.402798
.840422
.073310
.392011
.719452
.631806
.538328
.908292
.146555
.253032
.070468
.204699
.053670
.610977
.558819
.051644
.072383
.597130
.073286
.883927
.085754
.110598
.543791
.344584
.308855
.804944
.905181
.850039
.693488
.798771
.211021
.277802
.082095
.866141
.084536
.084710
.018137
.084812
.563312
.072949
.101879
.898254
.892623
.111849
.909565
.256673
.555727
.604436
.572692
.073572
.883423
.377447
.916659
.136907
.127266
.890213
.843948
.622074
.713243
.194839
.703801
.546875
.074257
.227005
.558580
.086181
.578680
.127886
.398232
.095682
.533898
.548450
.093324
.120328
.912985
.868263
.061431
.300339
.094068
.835938
.920990
.558830
.602658
.286006
.636756
.215658
.101962
.572241
.431460
.220291
.711931
.742841
.657072
.109815
.073470
.406163
.231328
.624126
.911968
.878809
.453912
.057618
.711631
.215855
.918507
.093203
.073285
.553221
.526969
.589981
.083400
.541083
.923413
.565879
.092389
.560634
.520057
.106085
.073160
.313712
.702228
.590426
.016448
.103206
.674497
.792191
.086371
.410006
.554628
.567917
.073146
.878015
.016038
.909510
.250420
.101817
.663881
.672794
.359383
.494484
.458101
.744556
.725373
.059629
.780892
.275164
.701656
.820264
.340247
.464156
.569214
.082987
.848793
.087949
.134250
.508314
.908097
.095978
.074026
.050499
.552604
.395898
.619377
.153481
.051431
.498140
.161878
.638352
.066994
.430252
.254217
.717409
.434767
.082775
.014337
.076059
.917299
.908632
.247297
.112207
.686880
.666391
.692116
.070964
.546224
.573236
.478669
.134319
.132790
.898531
.920569
.919997
.921072
.152796
.559689
.901689
.301482
.683231
.074030
.391046
.177167
.061933
.083978
.420915
.085546
.491924
.073266
.045476
.106036
.084037
.540016
.912099
.290405
.769684
.912278
.688081
.292102
.434009
.075780
.072781
.626861
.112439
.880129
.625726
.523661
.835350
.073480
.892539
.394182
.076248
.923884
.302930
.876583
.608704
.178534
.790927
.257061
.071539
.514791
.089225
.060345
.178746
.915133
.907242
.425646
.180197
.083356
.598291
.711167
.864654
.072751
.085296
.316270
.650579
.580079
.132375
.311696
.829900
.089039
.034406
.869282
.411387
.012117
.405303
.181046
.820763
.892906
.242545
.084065
.588929
.018496
.830972
.014638
.130927
.095628
.519244
.094572
.048449
.017952
.410968
.910912
.576611
.817944
.879353
.652199
.098808
.060612
.374041
.891052
.087593
.074916
.072265
.401815
.910742
.106930
.075588
.073898
.639491
.646440
.144396
.430006
.295281
.087301
.612503
.083792
.070447
.890981
.081218
.639144
.178825
.073823
.910026
.102240
.130144
.308225
.891948
.060750
.856415
.849184
.365477
.907006
.564953
.490235
.085310
.085611
.116893
.881000
.620917
.614601
.879167
.663722
.770163
.641368
.445754
.115839
.020363
.073460
.583460
.098529
.085025
.083758
.465627
.084120
.657131
.092370
.111483
.512979
.087220
.311548
.872150
.032104
.114636
.083684
.898642
.566081
.086201
.903345
.769212
.085694
.891658
.626989
.217819
.921977
.083677
.039209
.045142
.916813
.909622
.523564
.083846
.117981
.636287
.905087
.699879
.084300
.084250
.072780
.073582
.600843
.422986
.262008
.584920
.562422
.085804
.552271
.072312
.893287
.880401
.091341
.760268
.830579
.902656
.023403
.894528
.085827
.090072
.129054
.910521
.647244
.070345
.011584
.066873
.503467
.033631
.571013
.070730
.069158
.355432
.578342
.120154
.616391
.146607
.115192
.855072
.906570
.058459
.333893
.072883
.883203
.014800
.228793
.914914
.074812
.547926
.273243
.290227
.275492
.031360
.883328
.368599
.157632
.316770
.681469
.131949
.651398
.084745
.128000
.090747
.633424
.098217
.025137
.066360
.087197
.084768
.079326
.777283
.069034
.012123
.627697
.583015
.760916
.585201
.922150
.532018
.234568
.800381
.069137
.092877
.826181
.566930
.582756
.761057
.071991
.074309
.055177
.186506
.915399
.281439
.108861
.134595
.071466
.668224
.431831
.062859
.637101
.376104
.582764
.038209
.569701
.335105
.591449
.119780
.448081
.824589
.357423
.073123
.416685
.685657
.122935
.797909
.523890
.083486
.910653
.919147
.554212
.383877
.912904
.779738
.925270
.677297
.919763
.168073
.098148
.513184
.088913
.919440
.684126
.744039
.342436
.027926
.489151
.582081
.073126
.075106
.897038
.571728
.838673
.113501
.877382
.375445
.581323
.278695
.865735
.599033
.905549
.893287
.556070
.512598
.757917
.084652
.857087
.849407
.843901
.162823
.081949
.106828
.484026
.881972
.128225
.178865
.258845
.711735
.312542
.231518
.748200
.030580
.536634
.165928
.086097
.098344
.481349
.338555
.172037
.783805
.300720
.208376
.073395
.512613
.632323
.081726
.094511
.138621
.725896
.736225
.153327
.924460
.285994
.538444
.117788
.525093
.136376
.913208
.123330
.327098
.728574
.267493
.583059
.073373
.094837
.451377
.210143
.815084
.384752
.019454
.791238
.592570
.597664
.047022
.014648
.841180
.059880
.024081
.246781
.603007
.838146
.720952
.083814
.109898
.401102
.069132
.097685
.491538
.920271
.756879
.705430
.914541
.066483
.040699
.915497
.115557
.084327
.431702
.376056
.765203
.744758
.359609
.911178
.588036
.749421
.106873
.121237
.564890
.112427
.414332
.573665
.083328
.330027
.764987
.867423
.485436
.450614
.079744
.863158
.523759
.098039
.078961
.920942
.386860
.912690
.443692
.460802
.482449
.911732
.583900
.084162
.083941
.090468
.901745
.895759
.676519
.914749
.083755
.112346
.586347
.872385
.572477
.304563
.165770
.326741
.632936
.070164
.076582
.538662
.820563
.665295
.726104
.111931
.129772
.114511
.637353
.701448
.673743
.913065
.083343
.865644
.920990
.084226
.594706
.868425
.021652
.908093
.168416
.886217
.424049
.377170
.561092
.559301
.132372
.629487
.885260
.914165
.891129
.492983
.827366
.302469
.373979
.034125
.120770
.277880
.298740
.381696
.920270
.401003
.164851
.177783
.097365
.897321
.073744
.073397
.814556
.903177
.095183
.116547
.096021
.810337
.742366
.567628
.927469
.300866
.050165
.155522
.072881
.567362
.083671
.880729
.195154
.912734
.578177
.012483
.057509
.910095
.675574
.151339
.444607
.078853
.904601
.185438
.090782
.072681
.113818
.053746
.903771
.113005
.691567
.216963
.106414
.470138
.679546
.033680
.111910
.422395
.582463
.857816
.576924
.910890
.899013
.521843
.804229
.033673
.063066
.073711
.588688
.632480
.072975
.910411
.633543
.528466
.384766
.159936
.224324
.879581
.084237
.086123
.618763
.094621
.014991
.103100
.368671
.711773
.524584
.073436
.905781
.371299
.077088
.680280
.059318
.316457
.525078
.328173
.471702
.084300
.882440
.843648
.910873
.051580
.052274
.431167
.548506
.095724
.585685
.392579
.111521
.221357
.419785
.604514
.631366
.293670
.683690
.071868
.527445
.464011
.135851
.568686
.048576
.293843
.570986
.422949
.866595
.786650
.217353
.295231
.083039
.625673
.897894
.901732
.084505
.073192
.139384
.554706
.093418
.685861
.114694
.135441
.251752
.367799
.036980
.605414
.513044
.091339
.496636
.073543
.072978
.907579
.078059
.089898
.520985
.565004
.659173
.072897
.786408
.789594
.920020
.278315
.267090
.808538
.089309
.075910
.768414
.577339
.134614
.602675
.389851
.072381
.618609
.528583
.421387
.055195
.072941
.911249
.074266
.073145
.470401
.584830
.541811
.065103
.433639
.115315
.448511
.065687
.083969
.568601
.920574
.100894
.546817
.408447
.073015
.426176
.461709
.054148
.725231
.570579
.877582
.284344
.927148
.605263
.834621
.584367
.592033
.189378
.174119
.679549
.510638
.122205
.109531
.079638
.910476
.073942
.073058
.082156
.812847
.587968
.850720
.127498
.087249
.910027
.088736
.102142
.746790
.678516
.087585
.083971
.439455
.259711
.772200
.083091
.158401
.067871
.898642
.082417
.212941
.221579
.570429
.127847
.104496
.085221
.187108
.034067
.103325
.916736
.080246
.081614
.086628
.038322
.892709
.096729
.493135
.919287
.821839
.417667
.646084
.850375
.822517
.027164
.140897
.904937
.548392
.456110
.819415
.901542
.572268
.085330
.078791
.439235
.301188
.451468
.201863
.076081
.164637
.333910
.536102
.248342
.263805
.834861
.790126
.568172
.766084
.291005
.683240
.511842
.428121
.020346
.156446
.083746
.354161
.514849
.759041
.419978
.318179
.085878
.743811
.072745
.073266
.088542
.065336
.904430
.013818
.812137
.053366
.080730
.626841
.442905
.450901
.069276
.617187
.082847
.109097
.279889
.716987
.570419
.070725
.087936
.487795
.079307
.263562
.554417
.084312
.460052
.071336
.093835
.071037
.685033
.073817
.601043
.505758
.495660
.643226
.191841
.072922
.399963
.422292
.311683
.887539
.512251
.098522
.581647
.375095
.068094
.532003
.924874
.082267
.654914
.593948
.306584
.296454
.474541
.571903
.030680
.915713
.915533
.509284
.914703
.468161
.543978
.236802
.130076
.074115
.885657
.769671
.311657
.129441
.073161
.622265
.624332
.083800
.336021
.107478
.029352
.488960
.903893
.889986
.906423
.075038
.900509
.074179
.027834
.690484
.482617
.177939
.072684
.541995
.127804
.375163
.720237
.172225
.515956
.916603
.506410
.225896
.073090
.920703
.072811
.855931
.073058
.803719
.911368
.707293
.902753
.771417
.254602
.812315
.473692
.102594
.072168
.088150
.071998
.845200
.108904
.914726
.489055
.433041
.197761
.895820
.189132
.078802
.084677
.491397
.731106
.895157
.059703
.026399
.912189
.608493
.925608
.861404
.114186
.358873
.275476
.102625
.842401
.860124
.094977
.386471
.758355
.550540
.569829
.138677
.084608
.326227
.184350
.528675
.084056
.853266
.465590
.050187
.133237
.883814
.425629
.392626
.579742
.113072
.858475
.615637
.072369
.659066
.442603
.295551
.251934
.502504
.863191
.533497
.501482
.069958
.829935
.072776
.749696
.283003
.683291
.780917
.497750
.072824
.093369
.899255
.105788
.342051
.333864
.136717
.870114
.475644
.864513
.869421
.072504
.137914
.472929
.903991
.876845
.174717
.153675
.790683
.571276
.084019
.069193
.813153
.082012
.072858
.577705
.503440
.329427
.072009
.372543
.072818
.082461
.059663
.577374
.272400
.633568
.439847
.365161
.554374
.072412
.315863
.912112
.073610
.106873
.029290
.895783
.257794
.073085
.109341
.907697
.014818
.088562
.550497
.013448
.283274
.337020
.914013
.281371
.690654
.604956
.081730
.087301
.438357
.157187
.084881
.699749
.133565
.533873
.019575
.921451
.083723
.256895
.912921
.719843
.805660
.863642
.634040
.403848
.092584
.083177
.156198
.316816
.059046
.797557
.072205
.912980
.567400
.211819
.085145
.916343
.098356
.741144
.720365
.507678
.551619
.419387
.084400
.265184
.791127
.829612
.674942
.083791
.594484
.662517
.472124
.539579
.623012
.076180
.522292
.589758
.560629
.070328
.911137
.080451
.068800
.214012
.299021
.130451
.394372
.889393
.079090
.252987
.842926
.077061
.083775
.274199
.075051
.252655
.900819
.164300
.293405
.542385
.903538
.377847
.864565
.376123
.918490
.888542
.911556
.694700
.767569
.101563
.093109
.485764
.366153
.890044
.905815
.328731
.070564
.125035
.501055
.393280
.074039
.075830
.097867
.416145
.084060
.231371
.215690
.723462
.881088
.660656
.554816
.550207
.778895
.046761
.298040
.105978
.401094
.922883
.382518
.921441
.097335
.083790
.110944
.072783
.340650
.052316
.083165
.094246
.661618
.908470
.471449
.620801
.084605
.835505
.082732
.086158
.541480
.347391
.073327
.659375
.120164
.916640
.178828
.524376
.069350
.290992
.386687
.686697
.801443
.084117
.781283
.891266
.085559
.890984
.135478
.078782
.536433
.883271
.403474
.867961
.126521
.185261
.126556
.759913
.920984
.550266
.038099
.095769
.908440
.088748
.916268
.365052
.105424
.083332
.088699
.624750
.864218
.119675
.532989
.620875
.869637
.379981
.734537
.470454
.073277
.283058
.332289
.084586
.710718
.473112
.555595
.612772
.213958
.073046
.120176
.066005
.919485
.688990
.912639
.610465
.015941
.561030
.893459
.288792
.898733
.778610
.908501
.210358
.548662
.651584
.085713
.278077
.028311
.169196
.622407
.551166
.603942
.087188
.912144
.894359
.804778
.098940
.073219
.908478
.404430
.718146
.746772
.912030
.909525
.110939
.558529
.039893
.533286
.336511
.050448
.585039
.625186
.445861
.547002
.072913
.751716
.743563
.912394
.061192
.550838
.170092
.902331
.895569
.335319
.089815
.568459
.439281
.591480
.586100
.140539
.355564
.085375
.692902
.455556
.074366
.033381
.545778
.100727
.572197
.073644
.294294
.093314
.627508
.757814
.917747
.781926
.910742
.071609
.072788
.105851
.379784
.084785
.233605
.767252
.531830
.903896
.847791
.017400
.591182
.349992
.081485
.088709
.538079
.872106
.101596
.532413
.277622
.157800
.021634
.086227
.337204
.913049
.897998
.106207
.913223
.502842
.909422
.083776
.562436
.411011
.162598
.095723
.876468
.305808
.860210
.659037
.790141
.125144
.827247
.104135
.136918
.748187
.732249
.634249
.092272
.132254
.700141
.048025
.086793
.908653
.346223
.068928
.119753
.711132
.078014
.616034
.110766
.064898
.704745
.894501
.371609
.485900
.014216
.039118
.104800
.830658
.073036
.887223
.897777
.016042
.175285
.059924
.548139
.717884
.541693
.823916
.119509
.350307
.293943
.283805
.152235
.393494
.337191
.927499
.090734
.912025
.054642
.092516
.919967
.918381
.918999
.499065
.920586
.419729
.912528
.015212
.047638
.429719
.063444
.072972
.421730
.305580
.083590
.140099
.713064
.774320
.478504
.817793
.728245
.389783
.714310
.085131
.906486
.887148
.067713
.032166
.075334
.872742
.568286
.149935
.910914
.092939
.073236
.313493
.083992
.723181
.886677
.212506
.568445
.515818
.557865
.505340
.089009
.505273
.645946
.829580
.791982
.769331
.584134
.051707
.083482
.822336
.040412
.570713
.913314
.198611
.900703
.913904
.140798
.471743
.849489
.837801
.073219
.083638
.842333
.884251
.644394
.294800
.372017
.168595
.130947
.531701
.559801
.907803
.311804
.578956
.128139
.223098
.591992
.623325
.576872
.706416
.908733
.889563
.595317
.870335
.083125
.900841
.270159
.920709
.706889
.050961
.411478
.411821
.836540
.508033
.091140
.187930
.387085
.905999
.550561
.524825
.199147
.580042
.019156
.340349
.362817
.084391
.093326
.901834
.795245
.761221
.073997
.499972
.785340
.506480
.564505
.399663
.434184
.914926
.071226
.400706
.573159
.918309
.284635
.291998
.072934
.626397
.091635
.891351
.694068
.092198
.632718
.091917
.082018
.451732
.228845
.718931
.841024
.593954
.844176
.327321
.245696
.875935
.083758
.911739
.398422
.098708
.637489
.239465
.821031
.451080
.526559
.084733
.079317
.583553
.121738
.879759
.108484
.084356
.755218
.130813
.720311
.560812
.075082
.300069
.279549
.728890
.469123
.073542
.072950
.152910
.458004
.073760
.902815
.026821
.088751
.518617
.360288
.172206
.202349
.575724
.142307
.898551
.713007
.909003
.927349
.354222
.858286
.536013
.818170
.759203
.566555
.159580
.556775
.711046
.217045
.073107
.891955
.726977
.667829
.599706
.084085
.534243
.657981
.072057
.630727
.384174
.097229
.041053
.235187
.524316
.891182
.701780
.072590
.573308
.072763
.724822
.073722
.565717
.826645
.877272
.072853
.072856
.917745
.596590
.894496
.838279
.088933
.154814
.565498
.312335
.779772
.073180
.753821
.909565
.068316
.728438
.333879
.521718
.458402
.776674
.083902
.215361
.634674
.098373
.624013
.422664
.508833
.233957
.689879
.088264
.907056
.087157
.290508
.280726
.107936
.110722
.087888
.905878
.174677
.070014
.279505
.640282
.516620
.019415
.886184
.579847
.060098
.904008
.108006
.453968
.813771
.583304
.090412
.885732
.086780
.068311
.876526
.859269
.921995
.453010
.320159
.107916
.922948
.840019
.076385
.296153
.088817
.397026
.847493
.621504
.072460
.203711
.520586
.073114
.476751
.339727
.460227
.278870
.400129
.606988
.098159
.100452
.545314
.902838
.604536
.071750
.073543
.077915
.163162
.759778
.089262
.072464
.096899
.541316
.725124
.077082
.924723
.378187
.728995
.054750
.077243
.914890
.081113
.734267
.662186
.086526
.073191
.809960
.356285
.915554
.763354
.533873
.309128
.049331
.597089
.015070
.536605
.158178
.071952
.531540
.809684
.263923
.113292
.587979
.578678
.581265
.578712
.475926
.890708
.083743
.083897
.594463
.109883
.346239
.191975
.853167
.710714
.903447
.833190
.848495
.047294
.925697
.084163
.076817
.472610
.072941
.907655
.098282
.089577
.609456
.903092
.123171
.069393
.889732
.750695
.881725
.519572
.636461
.085422
.475676
.616809
.215731
.076617
.134959
.912477
.109961
.619616
.530696
.072906
.383134
.555390
.250875
.627958
.120813
.710397
.910674
.621904
.265547
.074181
.084205
.925852
.907518
.584929
.698755
.024660
.534183
.027072
.638932
.073755
.766379
.240943
.583223
.623143
.839025
.070297
.073338
.089104
.729945
.573602
.097409
.110976
.676638
.082908
.295319
.088601
.467108
.103648
.847826
.130686
.589821
.326027
.090608
.073324
.914923
.547292
.563435
.070696
.580418
.895599
.639475
.187020
.771983
.031134
.060213
.090737
.708005
.572222
.664674
.039779
.575971
.085511
.073017
.071506
.047602
.163688
.291894
.554661
.586356
.276738
.579341
.846390
.093939
.593995
.033189
.684863
.044975
.912023
.290864
.056218
.634906
.090779
.401417
.109494
.280512
.124332
.385855
.359767
.104304
.566910
.101330
.095237
.168174
.777834
.812995
.524929
.124220
.913442
.125273
.073922
.073111
.902784
.572468
.587020
.902780
.446063
.028763
.302764
.527870
.226854
.475053
.082177
.130634
.307456
.091755
.034226
.547288
.077199
.203903
.109323
.076883
.596111
.365609
.089722
.628317
.697363
.136620
.677032
.418034
.912526
.084504
.572529
.282322
.821913
.078556
.077531
.084531
.909846
.435933
.073125
.056764
.872144
.254308
.121026
.677368
.641371
.507671
.544240
.163441
.227361
.130523
.117443
.337078
.073026
.526316
.109677
.568129
.447296
.865363
.912549
.085305
.559337
.037392
.068294
.213977
.353256
.124161
.562241
.073263
.050966
.179727
.564278
.869911
.363262
.909669
.024256
.700174
.548859
.320129
.888362
.634966
.660965
.251383
.892990
.074426
.081718
.086020
.136551
.080671
.094693
.597844
.082958
.359436
.913022
.084492
.301792
.059371
.326088
.073286
.091219
.636420
.467549
.521075
.152061
.890419
.084345
.043377
.546129
.126146
.092635
.086303
.106628
.798147
.073175
.084817
.073176
.509816
.086185
.429391
.618509
.638799
.824289
.135974
.235260
.837672
.073181
.517985
.193665
.107721
.388330
.266197
.504965
.086314
.760027
.082128
.874874
.184216
.273440
.802436
.073086
.909987
.089943
.168161
.913839
.099548
.654672
.011900
.399288
.058766
.696918
.073179
.085074
.842760
.636673
.183436
.548780
.908107
.458826
.246146
.874413
.234339
.570655
.285650
.128823
.016647
.075201
.060367
.363284
.017551
.562408
.490329
.913436
.090936
.536801
.025241
.076501
.831074
.760194
.311771
.885568
.581036
.375365
.229190
.095867
.863837
.911369
.500918
.064479
.167798
.279111
.084067
.540000
.073382
.557692
.253182
.054302
.092309
.519720
.896943
.076185
.084794
.569121
.312098
.032572
.080975
.018024
.235141
.091651
.864317
.313777
.380872
.859587
.640191
.073457
.722945
.845633
.600313
.542666
.611458
.590805
.094705
.902015
.188063
.908891
.882601
.195822
.682875
.503372
.056521
.107990
.136358
.141296
.092353
.565918
.013305
.794179
.753266
.602057
.092183
.018136
.068786
.031340
.769445
.707544
.913537
.066800
.710225
.146425
.103900
.926003
.109403
.108235
.867814
.599062
.548983
.083677
.601102
.427109
.582357
.086507
.488267
.569978
.164390
.482424
.631975
.701538
.895360
.278266
.122608
.084014
.184711
.920612
.077419
.821592
.082121
.301235
.398946
.068580
.165704
.018667
.136577
.362025
.892877
.510158
.911839
.341869
.598285
.670122
.092049
.083647
.082478
.138909
.014316
.065259
.359804
.493618
.070796
.570403
.916998
.636444
.729389
.383436
.830010
.339267
.469956
.223212
.526443
.912854
.122626
.545647
.012039
.116991
.605533
.163695
.599375
.764943
.390537
.345523
.070414
.075797
.088074
.537806
.073136
.646625
.530726
.706828
.654399
.315879
.878334
.091536
.902990
.077669
.139214
.913989
.483274
.409715
.553641
.067118
.423562
.070724
.172703
.544953
.904064
.070477
.125052
.594870
.177836
.064634
.042273
.156382
.202304
.121530
.138351
.849058
.864566
.249204
.181847
.088858
.874897
.072892
.299196
.914263
.859975
.869707
.073294
.325919
.705491
.518052
.303252
.383634
.240969
.615693
.128679
.502588
.460034
.386785
.770264
.518667
.916244
.913006
.371831
.066009
.503370
.090376
.450165
.072554
.910608
.097947
.384320
.129225
.446437
.101377
.585137
.084426
.627221
.388252
.083833
.919695
.536168
.083617
.774523
.653348
.578592
.102086
.070958
.912456
.302633
.103874
.625391
.147132
.478974
.567467
.281297
.310542
.079250
.621479
.244963
.210227
.523657
.135258
.756925
.071490
.297127
.074087
.087902
.564401
.071961
.878003
.018588
.084417
.139485
.087591
.365551
.125644
.537910
.075308
.511250
.095895
.095800
.923515
.084221
.106915
.096910
.341083
.924956
.286290
.476223
.896319
.076262
.528274
.605390
.083484
.918461
.079057
.888689
.070847
.191454
.557492
.308673
.104314
.614910
.096053
.425892
.737650
.304746
.153408
.081256
.877967
.587423
.721799
.911968
.099663
.108251
.332885
.119335
.639331
.089551
.212132
.168470
.303886
.904865
.093392
.102391
.133750
.635439
.085756
.109859
.545963
.089670
.093717
.056892
.359379
.070037
.532672
.904258
.908693
.795581
.073530
.785328
.085270
.578380
.111873
.033284
.077746
.823002
.564816
.073186
.013066
.083912
.368151
.399519
.207113
.219365
.102969
.083615
.107760
.084970
.048698
.846805
.915284
.885391
.912538
.594962
.069416
.525074
.794020
.100695
.276046
.909274
.190073
.361619
.048042
.021480
.082947
.429610
.073765
.598208
.202064
.073357
.895118
.879226
.595869
.382364
.106733
.168375
.679315
.250408
.656609
.560888
.898166
.314592
.316942
.904542
.045105
.683040
.085101
.407641
.167888
.882990
.453593
.072013
.397841
.047820
.913097
.506246
.122910
.642707
.395766
.893272
.644670
.334446
.576004
.077965
.093734
.807704
.541976
.827639
.802523
.723172
.581820
.131801
.479959
.429399
.517328
.181891
.027096
.878797
.165759
.588761
.916935
.498610
.542940
.077594
.559104
.915636
.860706
.558542
.900391
.877973
.293017
.679224
.072942
.770594
.052911
.078028
.894819
.889373
.083755
.091167
.072716
.817036
.906985
.414803
.911164
.124265
.023520
.092393
.266867
.122151
.459709
.515277
.218961
.561265
.874253
.027589
.018550
.625175
.072672
.433348
.916033
.085319
.719592
.920207
.864743
.569611
.616849
.437454
.072867
.817906
.373366
.561619
.082954
.090828
.893243
.061322
.365031
.072714
.619270
.386433
.580439
.706196
.802638
.085028
.068346
.073016
.823828
.093578
.694402
.421890
.729251
.923817
.926718
.167099
.907045
.131132
.084150
.281417
.084064
.906892
.119930
.487636
.551304
.072765
.197093
.908874
.108419
.084037
.691336
.149627
.076300
.083573
.089059
.121087
.678007
.136720
.860595
.919715
.579195
.801481
.015426
.844302
.503922
.585975
.073117
.197536
.523474
.122724
.092289
.837424
.079646
.120024
.131615
.908490
.846229
.364849
.450770
.141475
.098274
.084390
.021984
.455530
.085907
.805584
.590447
.888091
.525193
.908524
.662995
.902683
.078752
.466825
.760613
.080576
.889666
.134688
.831238
.891106
.905412
.433712
.294601
.072908
.863552
.920648
.322787
.691279
.013996
.918044
.087861
.869348
.592051
.330697
.564497
.497300
.790942
.860466
.028594
.017330
.597579
.511459
.085204
.084049
.495701
.750582
.735630
.342635
.449055
.670542
.054912
.577211
.032217
.898135
.739470
.710137
.096408
.086534
.080259
.093287
.118607
.515596
.229095
.136309
.046709
.886885
.073503
.111396
.096997
.073002
.088581
.078369
.073829
.056608
.084552
.591366
.131229
.084506
.139239
.688899
.056104
.075963
.306212
.855349
.102451
.093596
.395496
.923475
.706103
.228834
.056798
.072729
.111433
.043528
.085428
.082584
.491274
.514752
.592899
.038156
.764010
.278807
.918277
.460691
.106003
.089725
.228391
.292946
.913320
.666372
.675176
.900409
.036338
.912815
.061093
.766905
.077731
.918210
.081879
.638343
.349433
.451219
.503123
.805780
.412392
.315908
.824073
.074373
.615489
.058007
.870205
.029584
.316601
.913652
.915737
.591194
.599531
.349207
.334733
.485483
.891771
.586299
.898168
.750375
.576293
.368991
.572004
.061659
.607538
.185162
.598774
.898808
.551791
.106981
.649988
.028109
.921218
.883693
.100753
.851862
.092850
.506699
.578742
.836783
.322236
.067792
.089583
.741788
.608885
.884792
.437542
.883642
.384290
.044151
.470124
.094700
.092042
.128037
.275278
.836199
.184319
.427010
.085758
.818245
.670362
.633073
.096984
.376417
.909581
.862445
.702673
.576300
.674797
.914748
.445980
.069760
.101906
.820035
.831844
.087049
.043009
.119703
.112657
.326131
.743852
.585492
.077972
.733102
.609791
.072507
.772809
.098481
.598542
.634771
.853497
.037442
.849100
.757590
.102013
.104743
.866737
.628225
.128265
.760965
.902522
.810783
.516881
.073480
.891961
.731885
.571393
.850412
.040395
.577487
.324986
.073170
.913046
.106090
.108203
.845243
.072899
.311212
.569452
.648956
.084290
.186173
.862768
.584819
.508670
.807830
.091427
.106094
.885095
.024126
.083511
.481421
.920923
.699557
.512571
.369424
.568050
.799062
.839504
.445758
.726365
.137752
.085674
.072719
.376098
.787140
.205298
.761475
.362902
.011458
.727537
.738756
.912133
.202577
.070221
.072628
.170480
.073147
.148812
.116823
.148347
.076976
.749489
.578464
.165957
.074266
.349599
.529352
.678820
.580500
.020424
.070470
.083891
.509596
.679175
.085135
.577475
.678651
.073185
.812803
.675373
.557491
.057947
.083818
.084315
.893267
.549128
.019397
.035189
.600627
.895097
.101124
.053689
.385508
.822314
.220615
.926305
.879236
.095636
.022699
.073377
.127010
.636569
.073171
.490026
.100589
.014635
.657201
.918187
.073487
.910656
.284834
.657905
.527191
.668536
.831393
.891484
.563706
.083288
.019807
.111459
.082139
.560456
.621438
.083993
.855484
.121621
.782691
.246981
.045128
.804089
.059507
.410804
.100683
.559893
.083612
.890074
.084848
.362617
.344108
.861801
.722157
.129494
.275481
.677132
.069851
.073023
.128317
.624871
.870182
.021833
.062462
.084766
.084608
.578964
.334707
.608770
.118210
.077916
.115204
.881192
.117211
.305452
.087401
.335403
.137229
.544707
.079337
.493491
.341435
.063032
.065070
.325399
.515998
.175023
.405213
.048462
.025669
.913676
.772583
.122572
.910399
.367274
.072390
.093032
.888660
.113033
.607835
.082956
.909214
.625823
.088127
.927371
.679899
.298406
.303630
.777918
.919557
.623828
.103985
.358961
.695484
.829261
.251998
.454469
.696340
.086270
.311413
.763611
.417921
.781873
.093774
.076830
.084923
.477963
.358306
.467570
.281492
.430503
.200081
.085917
.048080
.137202
.098316
.884229
.086120
.278494
.591331
.406886
.460363
.914732
.580729
.352609
.292788
.329198
.100657
.072698
.061733
.122514
.433448
.911202
.761162
.162379
.556518
.447258
.021913
.718897
.905587
.053559
.095547
.462118
.493111
.083922
.084923
.045682
.879208
.081456
.074660
.073492
.605616
.636933
.432726
.071536
.576785
.431488
.554451
.443588
.486187
.247775
.110137
.399154
.413009
.038178
.640804
.273123
.917506
.911976
.175997
.910018
.073722
.448714
.918155
.155891
.511361
.644452
.922842
.068571
.920962
.095069
.384093
.084201
.093536
.386339
.083151
.787931
.785357
.338456
.837473
.913960
.098733
.131605
.050959
.288527
.070920
.072698
.225607
.083803
.552115
.087975
.852978
.480893
.175125
.575576
.072633
.384794
.680521
.163738
.700791
.812356
.352061
.597338
.414593
.345971
.533782
.699287
.901129
.792251
.187959
.073243
.505892
.271560
.074729
.773292
.094236
.339344
.091848
.621168
.779943
.619553
.056072
.102614
.072966
.073331
.069620
.072939
.399806
.927253
.080538
.084323
.647405
.647347
.120488
.814656
.796723
.892523
.090978
.078801
.910284
.500913
.653497
.443402
.598327
.555538
.597248
.483885
.741057
.104390
.048050
.084120
.529279
.870124
.116392
.411658
.072782
.858945
.912018
.105359
.097653
.013123
.796528
.863679
.294396
.130247
.503646
.122611
.545990
.900960
.079269
.073362
.533311
.547901
.073177
.919341
.529592
.104084
.786709
.415227
.614389
.286601
.342839
.588516
.898932
.017253
.030803
.146451
.619973
.082010
.083647
.643834
.217924
.574167
.894559
.075962
.135954
.473985
.151126
.526773
.060282
.073119
.372722
.072934
.385019
.342940
.622208
.158794
.329014
.244382
.909098
.218735
.021735
.322143
.902246
.385551
.086702
.908028
.324363
.536074
.913346
.085204
.911736
.552470
.910937
.551617
.833828
.542475
.817145
.570633
.727974
.040861
.359123
.083723
.512253
.195340
.628987
.906676
.913387
.158448
.014140
.148496
.883527
.016062
.852882
.463456
.556723
.560238
.496244
.167024
.020769
.831066
.581299
.031163
.021923
.395366
.074999
.114415
.244113
.068044
.387730
.194434
.151812
.087028
.918703
.016241
.084233
.224837
.075957
.497029
.061222
.577709
.521242
.304198
.035264
.907082
.587959
.827811
.690842
.131827
.836433
.514219
.073089
.909846
.910771
.071511
.041605
.098610
.182011
.812156
.284212
.461386
.399939
.109584
.896582
.591718
.918646
.506244
.253453
.073452
.569661
.836088
.030726
.081728
.675937
.072792
.315806
.592054
.072978
.160121
.903074
.111129
.072988
.073079
.109992
.084112
.583568
.134384
.863097
.283307
.729636
.242922
.148480
.577859
.264189
.915669
.903760
.160503
.638137
.175612
.892828
.892378
.599524
.070489
.073085
.071274
.656730
.914737
.439985
.332390
.110795
.086298
.912545
.072976
.087234
.122968
.009980
.292671
.097787
.145362
.888785
.773637
.307415
.078748
.087796
.853207
.102743
.107779
.799196
.154399
.086101
.069099
.734006
.527580
.230787
.550558
.515799
.016355
.082945
.083898
.300234
.553266
.407488
.639180
.903680
.595965
.148561
.021941
.096772
.848027
.098506
.083168
.724972
.445507
.087123
.113945
.086057
.295066
.841334
.253591
.796117
.303715
.379566
.084761
.073300
.070729
.087808
.902080
.086969
.558076
.553232
.217366
.834988
.868536
.911397
.047839
.864091
.073169
.571216
.074678
.071837
.502460
.096054
.302964
.816963
.301608
.052380
.310654
.912411
.501594
.887537
.251448
.036320
.885468
.881943
.619469
.036010
.907029
.516191
.782677
.078777
.439387
.073119
.575565
.412999
.797126
.912252
.097652
.109715
.912287
.559553
.859865
.489314
.664406
.784188
.309516
.095342
.911150
.360579
.599680
.048295
.084073
.921248
.674181
.857745
.072470
.923658
.083980
.176946
.373293
.854371
.038483
.175782
.074137
.372271
.542106
.895143
.145339
.072865
.127450
.209185
.648345
.915222
.580322
.899915
.731763
.919849
.087889
.349193
.276201
.897984
.074410
.191225
.183607
.073042
.074079
.697544
.105948
.502851
.521183
.076255
.074236
.244657
.903561
.914464
.072019
.898320
.106675
.172326
.800090
.517505
.552448
.178497
.591919
.585327
.924159
.761082
.899300
.138155
.361438
.098407
.228710
.551347
.446029
.188526
.017441
.566915
.900596
.636755
.107361
.891544
.167492
.256063
.098269
.102379
.643289
.086278
.542783
.097332
.857576
.084552
.121135
.321304
.575287
.458394
.889728
.355267
.724619
.105055
.030309
.489112
.913673
.840166
.412751
.061369
.778744
.124857
.922066
.182040
.481390
.071921
.055668
.090594
.430142
.236376
.886765
.658692
.455578
.488296
.284494
.731107
.183879
.786239
.558240
.913055
.287081
.262705
.248242
.093985
.076286
.598116
.149765
.163794
.908398
.415576
.206671
.884366
.083809
.319115
.576430
.571648
.918141
.056957
.585962
.405381
.022828
.510093
.355021
.814589
.710477
.011849
.083858
.547290
.073028
.083712
.881139
.579745
.485512
.093970
.868823
.892511
.385217
.086172
.082929
.628949
.075249
.524991
.193182
.121010
.501947
.013121
.392278
.598145
.624338
.913962
.446574
.145169
.793300
.327148
.539007
.112528
.824754
.893446
.132180
.600280
.083407
.111772
.807494
.015271
.069267
.065553
.558921
.910573
.354457
.905098
.287075
.084734
.081025
.612384
.156658
.523157
.857066
.777116
.900503
.282011
.066500
.623291
.079209
.517844
.387335
.365890
.908715
.528512
.059604
.401165
.061224
.597706
.740220
.706589
.635783
.496390
.512720
.093310
.063754
.522935
.500963
.202060
.888195
.075400
.072863
.084501
.179675
.454196
.810654
.073234
.538933
.083734
.155362
.074662
.787481
.199103
.904538
.190293
.820849
.592754
.152651
.596514
.091837
.073729
.072956
.086896
.086427
.021382
.915840
.090808
.897233
.193662
.916645
.499531
.895030
.065182
.674300
.091732
.919908
.206651
.582744
.084043
.769595
.080214
.482057
.893146
.197512
.093328
.466497
.823313
.343388
.083831
.392975
.142456
.158053
.870052
.451885
.813752
.083204
.170435
.012129
.658963
.083616
.581762
.423849
.083904
.153822
.512542
.512270
.332391
.022618
.121913
.502336
.073356
.316143
.509464
.088192
.591857
.488752
.497145
.454887
.093712
.577253
.101851
.086260
.369142
.917033
.094044
.072484
.843239
.515758
.496520
.422759
.223411
.210747
.082365
.864578
.084961
.072635
.086180
.124338
.076052
.553179
.802248
.625598
.916993
.072467
.917762
.837811
.640535
.047317
.900597
.321320
.803930
.169419
.080647
.402175
.728739
.904903
.457384
.013045
.899584
.088999
.083672
.072367
.726673
.828192
.072968
.653757
.091277
.067615
.746416
.719732
.926964
.403654
.387136
.912887
.107193
.901308
.466262
.151054
.670609
.556408
.525718
.412066
.149469
.753389
.672867
.533792
.599917
.098075
.238179
.518516
.071132
.497098
.920030
.027838
.371091
.073060
.896307
.627830
.057144
.423588
.148102
.372149
.552617
.919600
.107385
.293102
.099201
.068400
.357614
.056466
.602068
.088161
.450724
.086100
.889228
.631206
.894824
.115645
.129674
.076808
.904369
.223344
.072978
.197014
.084079
.814923
.737226
.091228
.751898
.106141
.894690
.305486
.085583
.835317
.637268
.210133
.355996
.065387
.331801
.361425
.074251
.073759
.087728
.300483
.635481
.175523
.922026
.223917
.247149
.602244
.565319
.598918
.916619
.177417
.634771
.917008
.482273
.105686
.674938
.797549
.896323
.512863
.067342
.384455
.869295
.912211
.738584
.099877
.230993
.892287
.905128
.077331
.469762
.912824
.504704
.088763
.180500
.575264
.408524
.623156
.863974
.914097
.622633
.176672
.114495
.309540
.912693
.102003
.744700
.454457
.927143
.094412
.911343
.081048
.086726
.571678
.536494
.511172
.083122
.054021
.055710
.054482
.102240
.032664
.284639
.641917
.113246
.688827
.388761
.493290
.088974
.061562
.558442
.449197
.510777
.838743
.906477
.145346
.592535
.806702
.053453
.095415
.885835
.910751
.582570
.062507
.090613
.912394
.917343
.148471
.123688
.031273
.695310
.652681
.708468
.365380
.906897
.241045
.064285
.892998
.102036
.073206
.078735
.086983
.103769
.706710
.907464
.084199
.549334
.306437
.611355
.544423
.916446
.013568
.904050
.429422
.083196
.087484
.697591
.117234
.668668
.594421
.073052
.155926
.651853
.583348
.540919
.073905
.352191
.206467
.450785
.216922
.877346
.103800
.616870
.071754
.082078
.085753
.651177
.575167
.431700
.886347
.064420
.497342
.451046
.076788
.902061
.611469
.078961
.797347
.651886
.622192
.349244
.072722
.087486
.652276
.911652
.631931
.868669
.083520
.733744
.086485
.593458
.907036
.805404
.856532
.691307
.551590
.453060
.688776
.595260
.081011
.582598
.912795
.480994
.912043
.592825
.172817
.927474
.889670
.778785
.897690
.072374
.361545
.925056
.525263
.085041
.439005
.072165
.594830
.206086
.907110
.080938
.912004
.110958
.073533
.427041
.110821
.185820
.820132
.059958
.100797
.601379
.104134
.371760
.872199
.915064
.071100
.339129
.073059
.085361
.485385
.083370
.057760
.129627
.524990
.629914
.595330
.910968
.881196
.564990
.058317
.176689
.472473
.830852
.064684
.572236
.627692
.080954
.025805
.657640
.072961
.748873
.873498
.072857
.856371
.085664
.034537
.411603
.568698
.079064
.689630
.374498
.070813
.619317
.217327
.012267
.847251
.152862
.926510
.015625
.084858
.572180
.113346
.365396
.016401
.721438
.108151
.503453
.091134
.479052
.876841
.371350
.770054
.890838
.594834
.130716
.849639
.905936
.580288
.361536
.337754
.523613
.472861
.792269
.397564
.426109
.102793
.030932
.080993
.063524
.922043
.746071
.090195
.353055
.534166
.012470
.584985
.267325
.587596
.458739
.728845
.163388
.901478
.118034
.624841
.605619
.125592
.344322
.147783
.076040
.443277
.073147
.390633
.074232
.237749
.913724
.072363
.063590
.520275
.722606
.361390
.484448
.867200
.553144
.729359
.350869
.552068
.124421
.081283
.421515
.310483
.252735
.073161
.095967
.031554
.084083
.787259
.357151
.623738
.688987
.197042
.468022
.394251
.113421
.107059
.546963
.773547
.872595
.791093
.413709
.912603
.705257
.872206
.101307
.427937
.311077
.571964
.502856
.105546
.908821
.397247
.023133
.235001
.679203
.150396
.433256
.917643
.324756
.626968
.697074
.566585
.834177
.630585
.110953
.120362
.505362
.897016
.132990
.084307
.398282
.159856
.628196
.102245
.072006
.850820
.114930
.061817
.635725
.083877
.283842
.055460
.860440
.072841
.086232
.497758
.893646
.368505
.847340
.913580
.923396
.574526
.904076
.420685
.722677
.099977
.555367
.863029
.889289
.902781
.675831
.090065
.910286
.919384
.867273
.087160
.574325
.173011
.818554
.543761
.094935
.386493
.068926
.567660
.571773
.121968
.433064
.513683
.094298
.568016
.924313
.291032
.896759
.564781
.083396
.019863
.574948
.177970
.580705
.688907
.257474
.661670
.347312
.076004
.087030
.907102
.774288
.556453
.041099
.196477
.564527
.873102
.642113
.325428
.794867
.079792
.785462
.377967
.147309
.545009
.073827
.906095
.074212
.646386
.380298
.144467
.427358
.890407
.083735
.038751
.686867
.011022
.188841
.835186
.560094
.562261
.865652
.561035
.083798
.143276
.070081
.584460
.906597
.659122
.122621
.071494
.562224
.879597
.065250
.553963
.897816
.108436
.032336
.085159
.919160
.546394
.474676
.379396
.144073
.588833
.116440
.903679
.082879
.072884
.034138
.107557
.039826
.841296
.753963
.096430
.544749
.214169
.838153
.112703
.765620
.750444
.912866
.737101
.443989
.749896
.080770
.302673
.096537
.443527
.901568
.070400
.047471
.415935
.085160
.326035
.156743
.392121
.568126
.085506
.264122
.250659
.909510
.889395
.137979
.269476
.668216
.088994
.628592
.569513
.082168
.784945
.199016
.089772
.033877
.884017
.084133
.267605
.130700
.153658
.069316
.289262
.540393
.161454
.525009
.119705
.073270
.042344
.506107
.275400
.920853
.122513
.399146
.805456
.095712
.590852
.084272
.051863
.643391
.184602
.573569
.581831
.546586
.392947
.600975
.926055
.120283
.080845
.056745
.497140
.108473
.922776
.130479
.766886
.301618
.701386
.558159
.462243
.089778
.835908
.111606
.285893
.075745
.912321
.100392
.847991
.231108
.378485
.074799
.083838
.119103
.401409
.323606
.913560
.066036
.757711
.577748
.041035
.436563
.921373
.890340
.155514
.057453
.074931
.915179
.106953
.207929
.075628
.904705
.090886
.087875
.078205
.110431
.460641
.030444
.557061
.885863
.199725
.083858
.593256
.318589
.153288
.087517
.912392
.308504
.884420
.557478
.086141
.507455
.903082
.863251
.552522
.315189
.072386
.871490
.108606
.215509
.654270
.745223
.110737
.109461
.137957
.901607
.673532
.887671
.083885
.576292
.859857
.919984
.760973
.913892
.060225
.584365
.866875
.045878
.062854
.089716
.483076
.514854
.093631
.370563
.373392
.072834
.064283
.884043
.772626
.619887
.354805
.017368
.502909
.802664
.417307
.367236
.838361
.838541
.601472
.735022
.606696
.636353
.073180
.571574
.477795
.910025
.450721
.072572
.231521
.563332
.504303
.093284
.750946
.927342
.085016
.443148
.258607
.110483
.918849
.576726
.108660
.283755
.609800
.920561
.104387
.889225
.222954
.291557
.902799
.578667
.094085
.608422
.068905
.574819
.115855
.018300
.086688
.709755
.145180
.913573
.076150
.920702
.551120
.733229
.072947
.884447
.827169
.160888
.881120
.179877
.486179
.436737
.092439
.295030
.046388
.084059
.722253
.019657
.169365
.421709
.701360
.491246
.924470
.394016
.217932
.901299
.556194
.096752
.072794
.517166
.084659
.070224
.108349
.894947
.893691
.908747
.524812
.566266
.039134
.102150
.635970
.555932
.906817
.912719
.091454
.623603
.770574
.032819
.182857
.786792
.051244
.217118
.757629
.568046
.088265
.806133
.278358
.053787
.075344
.058448
.831064
.926956
.889258
.921511
.106925
.093418
.906600
.441255
.073304
.483881
.329037
.106596
.510908
.062551
.085325
.073889
.351677
.676620
.126917
.078141
.219106
.907215
.913345
.440780
.884032
.116648
.073234
.611237
.846787
.757789
.411322
.577111
.111896
.013508
.014171
.915128
.014995
.669584
.596671
.807431
.087544
.180120
.846388
.267216
.492156
.360851
.055959
.479083
.913457
.535730
.089835
.499773
.083861
.442055
.802133
.724026
.039621
.075095
.705813
.566557
.083755
.084101
.605577
.074726
.888794
.252242
.072535
.573937
.473650
.162083
.292690
.156934
.526889
.883915
.743824
.035189
.069512
.097092
.878826
.911116
.073213
.170313
.079739
.406748
.084669
.897673
.897342
.081234
.589530
.102093
.054532
.060411
.906700
.552735
.512927
.085412
.542891
.263033
.617746
.801953
.907590
.542271
.767160
.608626
.644159
.909824
.586717
.154816
.598892
.096543
.520292
.088173
.483632
.084943
.648814
.321767
.757403
.681834
.094200
.513411
.049343
.577445
.158855
.051475
.072922
.606980
.598897
.075194
.574074
.796325
.083759
.255161
.891861
.698049
.072304
.633808
.445887
.579106
.156250
.571185
.123516
.533164
.396900
.624037
.053799
.084153
.086542
.078213
.895909
.311502
.024841
.074555
.422181
.567495
.795291
.076291
.073164
.543131
.326394
.246389
.441243
.052246
.284989
.145689
.722833
.636929
.889798
.913279
.086890
.082599
.548929
.618688
.919363
.910972
.744087
.509312
.853625
.114368
.755856
.387423
.077424
.880738
.089508
.492519
.693596
.308508
.697998
.678636
.072898
.038250
.072976
.888908
.067761
.322031
.906188
.838814
.378097
.542047
.609591
.838078
.499597
.095472
.020828
.597324
.785670
.551105
.590938
.536763
.622220
.065035
.122718
.108936
.803805
.892488
.101472
.129195
.069730
.848704
.895390
.541244
.278999
.118081
.699895
.395110
.921718
.113326
.011876
.303927
.514515
.519059
.091459
.881904
.016531
.068083
.754262
.850133
.587052
.157598
.069328
.072908
.084367
.187504
.148921
.592882
.790660
.651059
.093763
.792527
.343439
.184182
.072343
.882083
.065899
.090918
.610420
.629615
.509462
.046703
.890405
.376979
.566925
.613640
.579701
.310549
.613820
.079937
.388724
.598979
.118173
.577120
.080781
.086738
.083718
.593016
.916095
.569759
.055559
.039333
.912690
.531184
.103545
.376866
.116283
.191025
.902602
.720028
.828273
.626779
.325214
.072956
.722849
.072536
.495756
.089894
.613073
.790207
.124966
.012068
.920005
.490379
.091623
.819643
.083733
.055253
.606081
.505619
.342314
.482752
.834286
.417596
.075143
.453723
.353866
.576392
.575010
.823519
.612879
.539181
.874062
.084376
.597001
.202434
.182540
.018516
.533147
.827352
.069302
.887414
.914185
.730330
.202049
.072418
.092694
.021814
.084215
.354651
.093356
.676917
.486167
.678389
.050457
.405565
.771074
.084478
.470028
.197933
.094204
.748734
.084168
.072653
.111032
.808372
.213231
.464554
.596601
.084297
.613383
.606111
.753680
.905496
.093320
.073136
.922683
.424828
.348036
.083656
.416147
.204565
.798048
.601988
.527667
.084674
.837757
.061322
.085133
.301773
.242983
.042811
.919857
.596580
.601952
.080766
.087197
.021174
.403436
.128676
.071812
.294812
.091697
.521593
.717044
.600903
.722655
.083800
.089728
.884047
.073342
.153975
.631434
.076309
.498805
.883319
.022911
.020230
.309584
.440643
.238928
.493606
.073326
.924141
.058533
.083690
.498097
.871845
.076369
.073184
.245481
.468415
.290341
.900941
.072741
.086221
.895823
.783402
.597023
.117266
.092839
.845856
.126069
.172313
.504868
.141504
.297430
.416314
.676589
.877338
.012762
.602316
.833614
.086887
.893870
.291827
.057436
.290635
.837973
.643150
.266199
.234538
.118458
.562706
.084684
.361623
.908390
.813553
.111646
.927029
.635709
.017913
.797563
.860304
.567911
.049975
.697475
.069655
.203562
.495582
.022208
.599779
.446965
.094951
.787928
.566371
.031744
.479719
.073063
.097669
.446861
.390802
.290880
.643709
.073018
.598545
.276414
.887452
.303364
.087037
.340410
.573635
.033252
.622037
.429331
.106374
.083039
.481664
.254341
.512346
.875028
.726412
.084242
.537601
.759203
.858174
.073412
.093542
.884120
.040663
.118987
.339847
.590293
.079793
.072406
.086331
.858373
.085291
.216763
.095806
.062806
.689637
.608938
.620736
.738908
.071985
.791403
.051453
.688674
.438138
.206661
.604652
.882277
.109694
.891258
.108935
.500334
.913234
.064058
.257141
.302384
.029531
.491931
.678378
.241992
.884645
.099505
.553560
.883856
.175786
.825288
.081619
.889380
.569870
.026218
.529502
.073241
.740370
.570883
.074469
.885157
.086382
.067898
.863203
.593733
.608340
.092908
.032741
.055729
.575208
.571494
.067214
.689548
.044097
.709947
.250511
.362591
.073331
.149257
.393150
.303935
.132636
.469454
.836980
.477795
.912101
.070488
.077601
.771463
.084869
.612512
.542832
.190756
.072332
.123819
.885975
.087002
.083992
.062429
.115216
.291757
.598756
.124236
.086444
.885080
.629681
.896450
.877908
.151740
.094182
.225569
.485745
.616261
.018661
.573028
.321066
.913390
.591635
.061253
.842864
.915291
.404933
.164467
.596135
.163967
.872492
.022654
.063512
.373572
.348632
.464303
.076145
.895311
.077660
.083222
.422914
.099057
.337817
.073926
.909510
.091517
.217434
.566871
.402623
.093479
.343194
.110276
.343090
.083616
.098877
.167529
.544541
.493575
.110455
.451932
.073111
.684627
.030636
.761975
.089121
.741407
.808521
.919943
.528040
.377356
.066911
.900022
.177241
.066863
.098513
.125296
.672360
.908180
.871081
.796705
.131876
.823393
.420077
.791958
.519085
.055707
.625599
.072969
.183462
.075493
.171365
.079514
.851761
.138094
.889073
.881144
.588114
.104307
.072625
.279785
.542131
.071326
.197677
.482260
.497056
.531434
.447824
.061958
.844320
.912771
.072220
.137225
.075745
.132271
.153629
.072737
.358186
.071627
.319891
.909521
.916229
.649819
.068128
.669689
.122114
.060183
.086553
.509385
.451294
.909108
.344133
.073958
.416692
.913813
.523041
.650576
.087285
.064868
.553517
.524611
.328915
.085367
.202812
.773159
.846492
.923472
.274275
.072378
.325599
.583053
.200873
.085724
.080243
.086739
.645295
.894350
.645044
.451103
.110479
.637352
.610041
.403654
.040953
.898698
.036640
.073194
.680342
.588259
.108409
.765194
.072911
.900636
.450243
.616843
.893534
.118154
.477243
.616075
.516476
.326693
.478013
.903044
.906838
.495748
.469204
.162254
.536632
.851928
.016511
.926415
.083851
.275696
.075310
.330773
.095873
.053748
.922914
.912939
.070767
.525055
.022745
.054997
.625035
.822379
.096849
.117912
.446245
.542122
.822931
.083535
.032155
.559733
.083934
.907896
.056155
.073157
.402322
.744236
.913921
.073125
.805452
.905915
.531597
.446728
.046971
.580987
.069578
.830224
.316194
.069241
.085354
.076117
.083837
.170138
.305673
.176831
.056292
.843604
.620616
.853323
.283626
.063810
.911484
.072468
.895025
.083727
.875086
.309453
.765285
.083729
.072405
.359790
.706943
.023334
.020879
.326875
.399533
.320310
.815126
.324887
.072138
.044923
.134714
.602842
.826316
.578572
.335971
.786543
.823862
.877542
.433371
.085375
.763422
.728405
.074250
.072711
.083790
.094233
.093366
.907286
.883437
.402819
.154581
.500799
.646597
.548619
.155985
.128951
.634821
.325245
.601666
.320882
.467580
.054979
.585255
.076910
.297338
.909558
.794850
.090852
.084296
.896538
.830016
.599831
.453376
.891701
.463508
.082461
.083783
.509066
.074436
.759349
.515427
.070478
.073375
.756986
.084216
.152487
.369005
.529347
.754174
.760557
.749114
.137542
.506998
.137884
.823844
.279720
.108402
.512734
.890127
.322110
.097224
.739202
.689652
.601758
.607947
.685283
.276367
.183863
.200405
.329572
.524842
.091733
.069678
.797633
.925296
.555851
.912323
.659398
.081215
.085190
.518756
.322296
.142308
.102407
.355579
.386059
.095127
.505033
.903445
.089595
.084694
.073623
.433013
.561765
.917034
.536739
.909920
.073291
.339328
.289212
.744162
.468147
.280959
.074315
.075809
.894258
.194007
.288439
.816347
.502837
.470530
.083108
.587560
.602146
.642150
.620607
.713986
.143234
.880205
.910350
.093261
.081373
.062278
.073049
.466213
.147369
.470771
.541931
.073990
.275631
.034376
.073125
.904736
.882078
.630420
.917005
.273852
.570583
.426834
.409883
.925881
.169162
.803763
.529106
.248531
.182411
.905764
.282652
.409336
.908164
.092839
.598666
.288717
.105514
.357858
.817068
.300258
.101074
.073385
.084012
.558243
.551343
.616043
.836552
.071960
.055261
.861818
.913212
.083762
.551342
.264661
.918884
.087628
.100745
.137637
.670757
.796957
.283932
.075327
.408456
.097500
.228808
.925068
.387053
.369559
.788825
.713777
.916935
.768183
.557589
.583726
.018133
.575306
.574100
.372964
.085113
.091218
.064957
.789049
.571273
.533385
.199373
.924278
.288614
.463525
.294347
.914891
.828975
.316343
.663856
.280059
.147625
.079221
.844077
.601429
.084277
.084037
.085065
.080084
.016089
.349290
.869021
.912081
.078778
.115121
.887422
.362303
.286197
.304235
.040364
.044971
.828901
.086941
.653196
.119836
.901767
.890212
.100464
.219126
.684630
.072262
.205848
.234339
.407059
.561988
.677597
.885336
.029305
.374183
.759228
.091898
.467619
.561864
.912114
.070748
.139859
.083627
.592950
.170717
.296743
.147415
.036078
.072785
.084607
.085674
.663868
.075383
.639803
.923796
.275765
.514788
.897923
.148491
.617274
.729786
.083126
.907037
.381494
.083837
.090331
.102966
.601144
.849261
.762984
.538184
.809030
.060078
.910845
.910023
.593875
.072668
.614574
.329682
.073138
.922466
.175476
.284118
.304418
.902114
.713984
.861894
.789835
.709061
.073111
.289536
.573055
.234413
.538382
.145557
.894278
.142387
.609077
.649728
.457319
.083742
.908324
.917172
.582378
.086882
.117627
.139821
.895584
.073375
.469162
.095568
.086066
.516752
.378489
.071654
.299156
.297917
.044769
.679391
.354512
.313676
.398362
.424320
.395305
.599145
.075376
.083950
.874390
.524146
.383594
.014416
.106550
.873802
.559610
.868955
.545277
.298261
.599486
.927318
.046792
.551789
.050891
.091112
.093486
.091213
.914753
.561855
.112207
.073126
.074274
.628932
.076652
.582502
.097660
.864535
.053777
.104083
.885787
.084767
.295899
.579802
.278506
.550310
.608621
.015896
.446415
.061708
.501408
.898415
.361056
.489111
.661282
.094160
.584237
.575272
.897375
.913138
.094788
.073319
.476537
.873344
.081290
.900592
.071620
.031698
.030857
.047434
.515012
.040374
.024546
.062970
.805435
.901102
.909371
.073939
.072997
.073240
.489485
.198781
.688000
.359249
.072935
.085211
.068165
.913925
.889799
.912409
.370487
.069180
.692453
.128419
.075902
.145795
.906931
.831495
.086694
.442778
.088222
.737147
.085875
.500866
.112318
.072920
.902226
.102758
.074844
.028448
.910911
.054819
.298800
.625095
.753544
.597635
.129306
.170836
.907521
.046482
.524112
.079547
.084512
.354381
.541742
.707760
.643572
.864101
.532148
.080432
.036381
.815552
.101865
.239872
.111427
.401415
.565674
.084260
.390653
.479490
.073004
.776221
.480116
.074613
.077724
.084233
.801872
.915197
.912104
.023495
.073271
.073357
.083140
.048712
.112602
.075264
.899352
.724200
.566803
.100994
.341460
.892428
.068736
.909087
.072655
.090217
.820736
.489815
.571628
.346130
.868705
.891514
.565356
.911486
.538829
.868753
.526737
.068404
.036917
.074546
.087299
.577563
.899726
.028625
.073396
.801397
.064170
.049865
.084444
.447906
.879016
.125897
.650284
.923722
.437810
.178342
.868430
.910876
.851142
.314433
.905028
.578719
.565579
.066618
.915629
.073142
.917318
.429343
.787840
.919310
.719867
.072468
.921149
.583455
.100984
.092820
.884185
.561444
.090010
.916034
.889422
.088088
.585601
.251298
.178722
.469437
.046027
.115669
.607749
.898433
.100774
.914838
.597007
.720137
.099565
.880688
.279434
.605797
.161523
.619696
.413243
.544865
.641271
.555695
.319654
.096013
.892122
.075569
.391041
.399864
.359959
.579013
.074253
.752459
.073867
.600191
.441582
.073379
.073170
.387567
.287900
.079056
.629840
.836436
.888861
.078929
.220979
.086389
.912175
.907283
.901436
.902320
.914057
.021260
.810741
.233206
.110198
.050412
.156455
.403288
.046137
.844725
.104184
.705149
.305701
.564366
.072681
.581298
.081073
.874507
.284642
.090696
.343946
.824235
.097258
.778380
.852356
.212559
.446514
.069619
.608014
.142782
.917500
.051852
.106164
.574312
.619624
.083671
.516120
.103591
.145733
.320164
.496870
.056564
.754685
.741515
.662984
.291700
.703341
.143828
.917450
.055246
.498324
.605486
.561266
.073462
.567475
.926495
.416214
.083295
.065210
.023930
.083836
.862448
.459677
.424163
.768824
.067314
.081879
.822547
.241409
.075532
.089698
.095758
.069796
.553407
.292770
.593324
.681153
.073602
.073106
.872934
.118348
.881472
.658084
.093119
.453706
.908348
.921515
.903042
.858346
.917674
.077623
.092761
.861141
.408930
.526924
.110683
.418901
.231489
.017158
.090246
.286488
.278139
.084792
.105243
.068157
.088243
.662356
.186832
.898948
.858215
.673181
.440289
.425073
.068995
.671998
.695185
.014689
.913942
.074088
.070642
.902803
.038174
.481635
.457624
.079654
.534983
.416621
.921677
.070216
.893018
.104015
.922530
.073422
.618940
.082789
.577138
.509569
.090173
.092114
.100816
.427166
.085008
.188602
.050075
.022028
.560466
.846386
.368816
.191810
.072087
.070399
.294147
.333515
.342294
.084902
.563974
.134852
.058427
.502244
.521954
.083748
.307002
.842015
.074696
.568246
.899114
.504180
.925669
.085076
.080096
.072974
.657167
.916689
.369013
.812431
.586529
.282035
.078146
.767393
.084160
.147104
.902283
.707356
.916443
.102572
.085857
.012913
.416954
.891074
.443277
.036746
.064798
.630931
.586523
.094393
.093525
.915176
.356776
.804270
.300966
.910171
.525256
.748486
.155178
.087977
.084322
.083789
.697423
.223381
.077299
.464618
.802808
.072868
.916527
.897336
.686881
.837066
.215531
.836147
.082505
.708496
.073418
.071818
.072538
.102085
.083942
.075047
.594275
.760748
.223956
.910685
.455868
.530365
.104335
.113224
.064847
.027918
.124253
.765435
.048866
.069861
.905304
.571590
.146970
.209123
.832019
.332865
.806331
.646565
.188307
.079412
.878944
.882180
.243266
.856664
.884236
.903040
.825253
.395913
.304842
.609719
.097046
.016430
.620796
.701106
.900067
.838841
.830561
.680212
.535628
.506672
.051294
.566233
.846427
.091990
.157907
.911575
.755452
.072801
.086885
.796961
.390952
.275375
.209549
.916794
.290210
.598263
.836308
.371863
.093925
.077076
.344281
.066889
.920402
.491729
.087132
.572773
.921291
.307746
.032550
.068846
.905658
.569255
.266616
.891251
.043933
.578841
.072936
.093955
.536730
.082859
.077280
.264332
.536106
.229673
.072667
.918532
.889789
.848413
.578198
.093316
.076628
.917148
.557177
.346518
.297209
.912243
.782665
.555687
.712494
.079847
.072879
.350150
.072772
.609310
.018979
.030275
.180904
.431306
.913035
.075749
.694973
.895777
.091144
.086910
.884494
.763971
.523619
.133796
.234122
.076246
.070986
.883846
.902190
.629717
.803866
.157698
.313139
.517456
.072065
.585212
.256465
.918392
.095233
.673192
.831060
.919194
.900042
.146917
.570278
.588777
.876709
.889263
.812900
.630810
.089124
.172943
.902231
.018720
.102930
.915677
.910976
.697499
.743182
.776052
.705449
.668483
.895974
.087778
.446709
.806180
.420100
.529973
.833570
.095070
.073399
.852971
.091992
.596209
.098338
.927188
.026416
.494595
.433174
.015188
.324032
.072808
.084034
.326858
.894759
.546196
.544295
.913025
.036164
.093487
.084443
.570500
.593994
.094143
.093057
.072939
.412623
.168558
.913998
.077207
.883226
.078997
.539949
.078051
.330549
.029269
.088930
.715634
.746704
.154592
.100858
.575146
.146282
.084076
.644559
.918315
.073138
.708142
.722633
.041857
.767389
.904113
.910905
.104877
.715923
.072922
.092017
.100100
.436955
.083627
.516699
.487876
.822692
.542569
.122541
.546644
.084988
.670967
.394462
.297708
.563242
.074620
.564237
.820469
.408954
.763695
.184023
.091746
.287163
.423974
.078115
.696013
.514708
.271034
.383478
.084323
.078845
.573391
.059423
.038922
.085596
.706860
.464582
.665127
.604125
.071981
.909723
.018285
.897519
.479508
.124924
.450363
.898371
.500152
.436936
.909017
.909444
.394269
.098243
.429758
.084194
.598760
.911931
.276706
.518187
.254569
.517260
.913633
.668038
.911971
.447054
.317139
.926324
.091395
.428665
.160454
.114996
.058592
.291351
.768681
.088101
.880903
.113544
.016044
.695030
.028244
.839447
.201303
.831344
.100056
.820341
.904123
.179307
.920484
.151341
.196357
.435837
.087601
.080619
.612436
.162375
.062129
.538497
.096713
.016525
.921400
.562332
.586969
.084089
.435253
.083989
.461272
.336515
.293450
.146491
.073201
.855918
.577157
.367042
.400580
.076441
.339522
.661314
.341481
.572280
.593275
.598266
.453384
.651222
.694196
.518986
.316578
.071330
.095141
.178551
.543079
.913178
.135441
.129383
.910252
.249538
.084974
.084725
.065038
.041015
.117654
.571841
.820630
.906248
.065909
.583100
.469179
.454597
.085237
.808566
.485301
.917622
.083387
.907095
.673549
.624197
.565119
.545928
.085211
.852279
.793119
.088712
.917805
.092786
.357427
.609041
.025040
.621248
.502408
.087884
.544602
.592074
.539376
.232217
.864885
.493486
.049415
.894081
.853490
.562764
.423009
.782089
.723256
.185543
.092125
.919290
.395022
.905461
.347278
.575314
.594899
.598224
.044667
.917224
.568649
.096402
.052247
.175057
.083720
.925437
.550761
.097590
.191557
.403986
.912393
.094775
.136243
.382451
.425733
.609485
.152569
.054479
.104293
.121821
.911767
.454186
.572441
.899681
.080122
.062713
.506191
.086766
.094398
.460595
.099246
.092572
.113964
.752737
.250430
.910514
.084140
.909388
.282498
.063231
.883359
.664221
.582097
.579684
.260892
.544833
.096646
.033453
.731968
.697801
.914179
.321353
.073109
.135025
.018456
.416212
.888272
.917123
.090649
.918670
.540621
.074941
.207504
.887000
.403649
.167885
.262774
.026174
.913611
.395392
.014621
.104376
.014327
.071180
.434340
.801551
.096751
.086319
.597141
.076261
.921782
.908369
.551892
.697605
.093638
.087367
.658064
.275945
.904245
.236777
.077200
.084874
.072680
.907952
.073051
.890478
.545184
.083737
.846430
.641117
.831914
.838835
.160169
.027212
.872753
.886231
.021350
.563669
.069998
.671735
.897538
.317610
.563768
.082094
.016222
.890070
.248493
.592421
.277411
.607288
.566413
.668719
.710756
.326170
.549987
.295695
.653758
.719032
.909505
.096242
.536382
.113045
.850151
.385284
.241430
.890609
.906860
.919450
.843589
.080135
.431272
.908294
.906832
.293884
.887013
.075018
.097663
.430826
.702943
.086497
.416842
.085136
.128804
.029182
.909849
.422383
.289124
.343866
.634596
.913895
.545326
.710539
.901469
.044680
.024421
.909610
.899120
.238208
.081688
.618811
.056432
.072843
.071305
.012189
.915082
.375198
.092832
.864363
.103109
.118089
.765114
.606920
.115487
.838672
.247979
.235593
.538899
.920126
.679730
.863820
.084370
.752617
.083762
.658514
.095467
.549481
.788369
.073155
.506043
.674758
.072677
.745152
.435195
.083749
.092409
.073104
.869915
.532388
.330523
.892171
.511496
.805732
.353900
.393019
.539429
.369310
.552777
.843965
.896732
.588500
.090350
.591952
.105483
.827024
.916264
.172822
.115138
.774662
.768522
.581112
.012746
.165672
.535227
.748540
.325935
.526093
.089933
.568513
.093871
.587648
.415017
.665364
.069618
.429182
.418110
.113464
.807888
.905247
.438503
.598620
.597040
.920042
.728225
.757455
.870499
.748775
.026840
.110269
.562314
.087184
.447481
.704329
.073054
.208500
.818224
.072879
.560089
.082480
.040994
.074776
.770063
.896144
.314925
.072859
.107249
.309365
.733943
.591784
.533457
.520352
.625238
.518605
.530230
.097850
.797752
.023967
.179686
.309560
.580126
.214131
.222235
.559221
.621434
.062508
.073796
.144912
.073296
.575930
.908851
.832512
.651979
.123166
.536741
.184328
.123712
.923516
.313718
.138895
.509588
.087068
.073106
.603695
.151813
.239246
.677779
.611123
.134699
.181488
.565506
.073115
.190087
.910422
.326820
.542508
.094495
.036516
.073125
.895675
.374460
.566984
.079622
.033842
.526088
.918019
.051965
.428982
.072382
.876898
.066143
.661772
.077473
.896864
.898906
.072536
.910110
.591349
.546405
.293547
.180777
.415693
.417270
.066438
.090600
.102324
.921653
.083571
.358888
.068925
.588942
.709539
.362199
.257371
.437979
.600450
.109963
.085448
.909859
.076955
.313306
.447247
.232986
.917864
.358347
.086276
.378635
.454985
.095225
.867255
.095741
.696746
.602193
.104220
.468324
.740313
.049715
.888445
.397210
.450223
.046760
.055516
.766909
.916101
.558865
.198941
.677305
.864717
.583728
.904153
.086166
.028885
.530993
.892160
.533279
.458576
.471095
.029050
.927272
.756469
.397531
.543140
.092908
.088852
.328762
.395196
.507142
.886882
.367558
.084307
.110522
.090139
.073058
.872217
.194079
.084598
.546204
.539745
.045846
.114298
.519220
.907695
.325946
.588877
.498626
.131825
.815763
.087732
.127226
.729008
.336754
.267339
.538030
.801376
.307346
.072582
.906857
.576003
.341658
.911691
.904995
.591322
.070022
.511133
.912145
.524565
.544654
.673845
.032565
.840106
.085685
.573031
.581985
.104552
.919662
.564094
.084298
.245670
.653417
.087949
.292561
.577691
.580323
.554739
.614593
.165568
.532290
.812341
.831498
.469802
.897919
.619050
.909928
.072601
.084834
.072004
.245401
.902321
.062805
.904520
.072975
.083991
.871100
.014068
.512250
.107348
.160945
.530892
.774818
.506596
.389549
.104187
.072563
.058808
.552167
.904963
.303194
.592359
.511757
.083929
.353451
.083937
.573594
.799893
.218296
.912718
.465165
.640511
.527943
.659096
.084471
.155375
.163803
.257294
.297355
.433923
.368275
.561971
.033823
.088026
.088569
.906959
.574618
.057738
.036523
.712810
.911109
.411610
.729195
.825615
.911346
.907642
.757649
.598491
.086659
.067246
.120254
.653899
.466094
.276233
.233309
.829475
.360984
.313335
.037937
.566443
.365929
.072916
.635261
.602513
.022373
.811791
.083691
.472013
.111593
.466148
.780918
.891976
.139159
.307596
.467834
.098734
.537996
.902007
.843034
.090117
.076438
.151266
.746882
.899859
.924305
.903642
.090018
.104829
.570808
.132635
.382338
.303447
.077488
.904354
.139902
.077430
.114842
.085391
.520690
.101483
.570453
.464409
.414611
.555609
.795061
.642796
.073132
.548108
.567239
.307339
.309197
.076895
.109859
.096278
.890697
.240130
.912081
.086530
.903127
.073659
.095990
.779948
.541355
.085909
.073379
.637562
.790888
.161261
.148846
.178602
.369675
.888785
.643315
.595205
.083909
.084028
.764242
.398251
.518084
.101969
.073105
.100717
.326333
.915881
.073162
.374078
.878338
.114274
.518310
.079022
.927307
.075835
.229237
.202101
.577828
.834648
.076136
.164339
.562702
.203760
.871739
.083752
.104426
.272073
.520762
.867181
.300562
.909828
.090919
.909373
.076917
.655631
.726379
.088938
.568264
.231853
.087124
.073124
.865444
.884139
.026591
.052977
.138254
.090699
.052195
.245972
.427884
.616117
.098755
.659615
.566193
.791201
.926902
.133500
.579733
.790910
.897972
.092638
.529753
.530945
.446867
.084056
.536476
.609106
.128519
.910797
.050331
.371100
.545017
.272424
.254630
.560128
.071943
.281336
.686572
.568283
.845886
.715819
.901886
.072801
.086176
.366939
.632014
.575011
.600348
.428573
.054473
.454835
.253634
.416718
.169809
.425513
.507284
.091531
.687812
.026761
.921639
.100134
.621515
.624430
.796338
.076983
.521593
.689839
.905952
.090978
.094077
.465131
.872084
.438799
.794601
.072998
.665202
.072753
.085395
.127591
.067654
.321211
.904138
.587361
.559854
.643187
.075042
.073254
.069974
.082841
.290153
.150167
.114266
.738366
.212750
.593024
.250041
.574063
.684328
.898838
.012077
.297159
.889594
.785870
.568116
.091192
.499829
.493457
.075135
.489021
.784639
.619451
.415925
.081349
.279228
.603902
.060452
.083833
.230658
.906791
.681432
.882646
.781830
.373972
.855707
.589330
.082832
.907077
.477612
.574970
.092950
.922855
.862956
.768137
.886789
.912187
.092496
.121060
.630348
.079329
.041857
.133910
.084391
.083829
.638538
.117673
.905743
.924955
.105100
.077475
.587267
.091057
.131774
.073656
.682926
.610149
.222629
.319007
.214558
.055845
.529976
.897336
.923087
.367712
.077149
.572913
.093213
.912782
.587090
.082923
.347014
.458306
.702549
.664063
.275721
.076850
.663685
.183680
.589718
.083763
.072290
.128143
.916831
.072205
.080334
.078627
.353001
.447797
.072920
.076852
.566620
.083737
.651393
.083764
.153626
.796335
.575048
.103427
.662214
.355079
.072163
.905758
.024833
.089385
.225919
.160402
.313105
.528443
.389610
.505884
.887193
.096367
.072637
.043187
.916936
.029509
.912762
.073201
.082647
.803264
.021835
.917813
.737251
.922816
.061902
.598730
.897963
.100732
.093461
.535181
.094400
.057565
.331462
.828772
.573161
.307344
.900447
.069975
.898650
.055926
.793582
.343516
.619595
.041282
.363785
.925778
.903485
.070811
.033272
.084473
.493488
.265887
.463454
.079738
.618407
.073336
.887322
.321039
.917169
.842751
.916890
.197375
.104407
.097897
.905118
.173610
.810718
.091517
.035241
.778761
.822321
.344276
.860107
.134958
.537831
.095667
.086325
.606268
.072990
.340065
.767654
.070251
.607254
.072930
.087819
.073114
.746740
.072016
.666502
.075356
.040353
.062839
.431265
.073774
.732825
.157665
.344550
.857260
.277004
.068945
.082564
.159035
.619800
.072889
.834588
.709249
.253537
.093892
.073075
.854127
.924412
.534214
.235806
.382463
.070641
.013219
.925203
.700327
.097577
.081616
.044311
.088087
.556013
.098987
.906789
.571209
.516241
.095782
.188262
.651583
.096911
.880184
.697597
.165196
.184682
.056175
.072850
.118048
.144259
.547070
.084737
.554244
.072780
.069677
.032177
.084194
.767515
.628871
.923115
.092855
.072931
.638449
.593948
.652236
.085562
.069481
.892177
.818031
.266122
.169459
.577893
.073583
.755970
.907672
.163984
.047231
.540368
.890559
.101651
.070312
.428986
.807740
.084201
.889913
.875297
.558993
.601163
.560404
.420758
.575986
.080857
.379087
.038856
.042260
.913823
.122578
.075831
.866228
.788102
.090318
.098987
.023738
.085342
.784804
.737743
.095043
.073106
.578826
.524514
.346588
.060328
.703913
.862355
.683731
.771469
.921343
.067029
.907583
.067085
.369389
.010228
.341735
.050560
.084265
.747655
.105993
.707631
.809302
.645068
.511676
.087937
.849228
.302228
.820958
.148407
.113302
.314625
.215623
.086684
.357235
.905515
.512983
.077957
.164603
.816302
.419474
.087737
.631860
.908130
.091245
.493934
.845796
.891573
.683139
.409574
.303161
.038332
.850836
.073319
.913381
.378080
.200694
.012943
.902658
.490302
.332446
.682357
.083613
.494598
.634141
.070945
.072726
.176690
.855018
.475221
.057256
.125852
.301433
.521524
.711426
.919767
.584866
.073114
.084031
.072283
.644357
.735240
.280609
.656957
.818038
.097344
.921863
.288152
.080955
.087792
.240078
.126068
.064956
.479317
.537883
.578428
.139694
.091284
.304405
.016057
.591913
.323998
.590613
.705428
.263689
.085451
.483009
.048349
.120796
.875662
