.999994
.999312
.000251
.798271
.000000
.990685
.000000
1.000000
1.000000
.000045
.000000
.000008
.000021
.999999
.991619
.000000
.000022
1.000000
1.000000
1.000000
.000000
.000022
1.000000
.000023
.048457
.000022
.999787
.000000
1.000000
.999999
.000022
.000022
1.000000
1.000000
.000022
1.000000
.000000
1.000000
1.000000
1.000000
.000022
.999867
.000102
.000000
1.000000
1.000000
1.000000
.000022
1.000000
1.000000
1.000000
1.000000
.001066
.000023
.000022
.991614
.000000
.914699
1.000000
.000022
.000000
.989156
.000023
.000022
.999871
.000003
1.000000
.016004
.000022
.999634
.999674
.991141
1.000000
.000000
.000013
.999028
.000000
.000000
.994942
1.000000
.923682
.999643
.000022
.000022
1.000000
.999998
.992469
.000003
1.000000
.991625
.000000
1.000000
1.000000
.000209
.000038
1.000000
1.000000
.023784
.999581
.000000
.000152
1.000000
.048687
.998631
.000023
.994907
.999213
1.000000
1.000000
.998419
.997095
.000004
.000000
.000000
.999497
1.000000
.000000
1.000000
1.000000
1.000000
.000002
.000000
1.000000
.000000
.999997
1.000000
.000000
.999988
.000000
.991090
1.000000
.009166
.000022
.090076
.000000
.000054
1.000000
.000022
.000003
.000022
1.000000
.000000
.000000
.992556
1.000000
.000000
.999691
.000022
.000022
.000000
1.000000
1.000000
.000000
.000000
.000000
.016081
.000000
.993112
.000000
.999539
.918342
.214609
1.000000
.000191
.999999
.994724
1.000000
.000000
1.000000
.995124
.992951
.000000
.999513
1.000000
1.000000
.000026
.000022
.000932
.000000
.100462
.000000
1.000000
.000000
.000448
.999999
.000000
1.000000
.000022
.000022
.000023
1.000000
.000001
1.000000
1.000000
.995630
.000000
.024523
.000022
.000000
.000000
.000202
.999887
1.000000
1.000000
.991419
.999998
.007043
.996215
.000020
.999936
1.000000
.999843
.999993
.991262
.999937
1.000000
.000022
.000000
1.000000
.000000
.000000
.991782
.999735
.000000
.999981
1.000000
.000000
.997900
.049570
1.000000
.000000
.000000
1.000000
.062676
.000003
.000000
.000032
.000002
.000026
.004995
1.000000
.000000
.991874
.000022
1.000000
.000000
.000022
1.000000
.000000
.000000
1.000000
1.000000
.999652
.000022
.000000
.000126
.000000
1.000000
.000000
.000353
1.000000
.995508
.999240
1.000000
.000003
.000000
.000000
.000000
1.000000
.050550
.000000
.000000
.000003
.000000
.999812
.999892
.996019
.999488
.000318
1.000000
1.000000
1.000000
.991060
1.000000
.000151
.000003
.000000
.008857
.000003
.000002
.000022
1.000000
.999662
.996926
.999589
1.000000
.999966
.000056
.999608
1.000000
.990932
.000000
.000000
.000276
.000022
.000000
.999256
.000022
.991176
.000157
.992842
.000022
.000022
1.000000
1.000000
.000000
1.000000
.000000
.001230
1.000000
.002973
1.000000
1.000000
.000022
.991614
.989476
.999584
.000022
1.000000
.991599
.000022
.999595
.000000
.999171
.992745
.991615
.000022
1.000000
.000000
.000040
1.000000
.000023
.000003
.040271
.991613
.000000
.991463
.000856
.991691
.000022
.000000
.000022
.000022
1.000000
.000000
.005390
.000003
.991611
.999569
.000000
.000000
.999987
1.000000
.000023
.000023
.999958
1.000000
.995612
.000000
.999888
.000000
.000000
.000022
.000000
.999781
1.000000
.997927
.999998
.000000
1.000000
.000023
1.000000
.000024
1.000000
.999817
.000022
1.000000
.000022
.000000
1.000000
.000000
.000000
1.000000
.000000
.000000
1.000000
.999854
1.000000
.999113
1.000000
.999552
.000024
.000022
.999740
.000022
1.000000
.000023
.000000
.006611
.000000
.000142
1.000000
1.000000
.822403
1.000000
.000000
1.000000
.000023
.000000
1.000000
.000000
.998604
.999999
.000024
.000000
1.000000
.999886
.000048
1.000000
1.000000
1.000000
.000000
.000000
1.000000
.050586
1.000000
.000003
.000000
.000000
.000000
.000022
1.000000
.000033
.000023
.005781
1.000000
.995532
.000000
.999328
.000744
.009945
.992372
.000083
.000022
.000045
.999417
.000002
.999828
.999991
.000003
1.000000
.993204
.000022
.000000
1.000000
.000022
.000000
1.000000
1.000000
.991680
.000000
.999998
.001483
.987965
.000000
.004517
.000022
.999025
.000000
1.000000
.000022
.000000
.000000
.991614
.000003
.999580
1.000000
.992167
.999696
.000022
.454343
.007836
.250261
1.000000
.991446
.000000
1.000000
.000000
1.000000
.000000
.000000
.999665
.000000
.931387
.995119
1.000000
.999999
.994797
1.000000
1.000000
.992174
.999996
.000008
.999227
1.000000
.000019
1.000000
.023041
.000000
.991583
.000315
.000000
.999999
.999999
1.000000
1.000000
.991465
.000141
.000000
.000022
1.000000
.000033
.999079
.000023
.000000
1.000000
1.000000
.000000
1.000000
.000003
.000000
.011585
1.000000
.001746
.000000
1.000000
.983152
.000000
.000022
1.000000
1.000000
1.000000
1.000000
.999990
.000000
.000003
1.000000
.999999
.999994
.999475
.796225
1.000000
.000000
1.000000
.000000
.000022
.000000
.000000
.000022
1.000000
.000003
.000013
.000035
.999921
.991470
.979135
.999997
.999970
.000000
.000003
.999857
.000022
.000000
1.000000
.988756
.000809
.000026
.000022
.752135
.990433
1.000000
.000003
.999593
.991304
.000000
1.000000
.999981
.000000
.000003
.000022
.000002
.999679
.000000
.999192
1.000000
.999575
.984041
.000003
.000012
1.000000
.991693
.999999
.000000
.000089
.999575
.000000
.995060
.993381
1.000000
.000022
.999993
.999576
.000026
.999999
.706793
.001291
.999994
.000003
.000022
1.000000
.000022
1.000000
1.000000
.000168
.997519
.000022
.978313
1.000000
.000000
.999618
.000000
.992708
.000057
.000000
1.000000
.000000
.000000
.997471
.000022
.000004
.000000
.003686
.000022
.000000
1.000000
.001293
.000022
.000001
.000003
1.000000
.000022
.000029
1.000000
.000002
.984517
.958205
.000000
1.000000
.393202
.006799
.999714
.000111
.000023
.000000
1.000000
.000023
.000022
1.000000
1.000000
.988172
.999999
1.000000
.000004
.000003
.999049
.999998
1.000000
.999999
1.000000
.000022
.999963
1.000000
.000195
1.000000
.000022
.999997
.000022
1.000000
.000000
.999085
1.000000
.000000
.995232
1.000000
.000000
.000000
.999098
.000000
1.000000
.000000
.000022
.000022
.000021
.000000
1.000000
1.000000
.999927
.563410
.999965
.000022
.001547
1.000000
.000000
1.000000
.999794
.991605
1.000000
1.000000
1.000000
.000016
.020102
.000022
.000019
1.000000
.998990
.995690
.000000
.000000
.991556
1.000000
.000030
.998846
.991614
.000011
.000003
.000000
.997747
1.000000
.000022
.999997
1.000000
.999980
.944596
.000000
.000082
.999705
.000802
1.000000
1.000000
.000022
1.000000
.000000
.000000
.999992
.994939
.000022
.000023
.000000
1.000000
.000351
1.000000
.999990
.000310
.048493
.991562
.000023
.998998
.000002
.000029
.000000
.000000
.000000
1.000000
.000000
.835339
.000002
.000022
.000024
.000003
.987618
1.000000
.000000
.000022
.000000
.999707
.999998
.999947
1.000000
.999690
.000000
1.000000
.000024
1.000000
.000000
1.000000
1.000000
.000022
1.000000
.000026
.000191
.999021
.000022
.995958
.999595
.000000
1.000000
.000041
1.000000
1.000000
.000000
.991607
1.000000
1.000000
.999207
1.000000
.996902
.999998
.000000
.000000
.000145
.999887
1.000000
.000000
1.000000
.000002
.005626
.979632
.000032
.000000
.002443
.000982
.000022
.992102
.000000
.998997
.000022
.731758
.000003
.000022
.000022
.000022
.999777
.999997
.000000
.999145
.008531
1.000000
.999178
.980960
.991612
.000000
.000022
1.000000
.999994
.000000
.000000
.000004
1.000000
.000022
1.000000
.000000
1.000000
.997755
1.000000
.000243
1.000000
.000000
.000010
.000003
.000267
1.000000
1.000000
.994810
.000000
.000022
.000000
.000000
1.000000
.000022
1.000000
.999196
.999950
.000202
.000000
.000000
1.000000
.000061
.000023
.000000
.991294
.000000
.999874
.000022
.999582
1.000000
.990481
1.000000
.999819
.999690
.996316
.000027
.000000
1.000000
.000000
.000000
.990482
.000024
.999999
.000003
1.000000
.000003
.000131
.000002
1.000000
1.000000
1.000000
1.000000
.999999
.006226
.000000
.987274
.000338
1.000000
.000085
.000000
1.000000
.002409
.000022
.997179
.000000
1.000000
1.000000
.000003
.999987
.995906
.000000
.000837
1.000000
.000022
.999602
.000000
1.000000
1.000000
.999096
.000000
.000022
.999274
.991614
.000002
.000023
.999915
.020312
1.000000
.998880
.000000
.000000
1.000000
1.000000
1.000000
1.000000
1.000000
.000003
.999018
.000003
.993768
.000000
.000033
.000000
1.000000
.000000
.000045
.000022
.000000
.000000
.000007
.276747
.001171
.000160
.000022
.000023
.000024
1.000000
.000022
.000023
1.000000
.999765
.000000
.000000
1.000000
1.000000
.000023
.999988
.000022
.000022
1.000000
.999989
1.000000
.999576
.000022
.999927
.000000
.999042
1.000000
.000000
.999827
.000166
.998704
.000000
.000000
.000003
.000000
.000022
1.000000
.000024
1.000000
1.000000
.000022
.999978
.991636
.000000
.000000
.995185
.991613
1.000000
.000000
.991606
.000022
.000003
.991614
.000022
.000001
.000022
.188314
.000022
1.000000
.000021
1.000000
1.000000
1.000000
.000022
.000000
.000023
.000022
.000049
.000000
.000004
.992879
.000000
.000022
.000003
.000022
1.000000
.998560
.995020
.000000
.000022
1.000000
.000013
.016234
1.000000
.000022
.000002
.000000
.991609
.000022
.000003
.999664
1.000000
.000000
.000022
.996074
.999957
.000003
.000000
.000070
.000000
1.000000
.000000
.000000
.002134
.000000
1.000000
.000022
.000022
.000022
1.000000
1.000000
.000000
.000003
1.000000
.000003
1.000000
.000000
.000000
.999654
.000000
.000000
.000076
.991624
.999996
.000000
.999193
.996135
.000000
1.000000
1.000000
.000003
.999830
.000000
1.000000
.000194
.999999
1.000000
.999982
.999978
.000024
.000003
.000022
.000007
.041386
.999855
.000023
.000000
.992959
.000000
1.000000
.000000
1.000000
.999659
.000000
.999233
.000000
.000023
.999857
.000000
.995706
.000000
1.000000
.000001
.000004
.000022
1.000000
.000003
.000022
1.000000
.000003
.549307
1.000000
.999626
.999999
.000069
.790178
.000003
.999608
.999345
1.000000
.999904
.001447
1.000000
1.000000
.000071
.000022
.000000
.999579
1.000000
.985283
1.000000
.000000
.999908
.010111
1.000000
1.000000
.847629
.000000
.995478
1.000000
1.000000
.000174
.000000
.999992
1.000000
1.000000
.999443
.127732
.000002
.999981
.000023
.990921
.999144
.005511
.004131
1.000000
.000000
.998091
.991797
1.000000
.000027
.000003
.996948
1.000000
.000000
.009744
.000023
.000015
1.000000
.000010
.997661
.000022
1.000000
1.000000
.000000
.000000
1.000000
1.000000
1.000000
.990519
.000022
.000022
.000000
.000000
.000000
.000000
.000022
.998131
1.000000
.000000
.000023
.999994
.000022
1.000000
.000000
.067035
1.000000
.000022
.000000
.999587
.000003
.000000
.999997
.000000
.895057
.000003
1.000000
1.000000
.999581
.000012
.000000
.000022
.999630
.995118
.000022
1.000000
.000000
.000000
1.000000
.000022
.000506
.000022
.000000
.000022
.000022
.000000
1.000000
.000026
.000022
.000000
1.000000
.940760
.000000
.999989
.999966
.000046
.000003
.000000
.000023
.999718
.000000
.039136
.000033
1.000000
.000022
1.000000
.995466
.000023
1.000000
1.000000
.000022
.000000
1.000000
.000000
1.000000
1.000000
1.000000
.000000
.999933
.000000
1.000000
.000000
.001325
.000003
.995393
1.000000
.000022
.992862
1.000000
.004374
.999601
.999579
.000000
.000000
.000000
.000000
.999998
1.000000
.000000
.999995
.000004
.999958
.999993
.000022
.991569
.000000
.000020
.994939
.000022
.048471
.992190
.999996
.000022
.000000
.000010
.999183
1.000000
.000022
.997659
1.000000
1.000000
.000024
1.000000
.999997
.000136
.000000
.000022
.999778
.000000
.999493
.998302
.000022
.000000
.000302
1.000000
.000000
.000022
.999577
.000000
.000022
1.000000
.993549
.999399
.000603
.000000
1.000000
.999984
.000022
.000022
1.000000
1.000000
.000023
.932131
.999978
1.000000
.308805
.000012
.000022
.999972
1.000000
.000022
.000003
.000000
.000001
.000023
.998823
.999594
.999995
.005434
.999047
1.000000
1.000000
1.000000
.003026
.000000
.000003
.000003
.000022
.000022
.998037
.007284
1.000000
.000022
1.000000
.999989
.000000
.000000
1.000000
1.000000
.004863
.000000
.000004
.001498
1.000000
1.000000
1.000000
1.000000
.999992
.991250
.000022
.990753
.000003
.000003
1.000000
.000000
.999618
.000000
.000022
.000015
.999979
.000000
1.000000
.999018
.000000
.000003
.000022
.000125
.000420
.903028
.000001
.999990
.000000
.000000
.000000
.999727
1.000000
.000000
.000003
.048293
1.000000
.000000
.999578
.996400
1.000000
.979478
.033453
.000000
.000000
.995116
.000022
.999588
.991708
.999248
.000022
.999938
.000000
.000000
1.000000
.000000
.000045
.000000
1.000000
.000000
.000000
.000000
.999575
1.000000
.000022
.000022
1.000000
.000033
.000901
.999953
.375459
1.000000
.846298
.001361
.994848
1.000000
.999993
1.000000
.991865
.000023
.000000
1.000000
.000000
.000000
.000000
.000003
.000000
.000003
1.000000
.000003
.996181
1.000000
.000022
.000981
.009766
1.000000
.000000
.000000
1.000000
.999999
.000022
1.000000
.000000
.000000
1.000000
.011024
1.000000
1.000000
.000022
1.000000
.002406
.000000
.000022
.990298
.000000
.000022
.000000
.000022
.000022
1.000000
.007933
.999910
.964016
.998436
.995235
.000023
1.000000
.000052
.890565
.993677
.000000
.000958
.996972
.960840
.000000
.000000
.997813
.000047
.000000
.000022
.000026
.000000
.000000
1.000000
.000000
.000003
1.000000
.995449
.999969
.996048
.000000
1.000000
.970188
.000022
.000000
1.000000
.999388
.000000
.999999
.996163
1.000000
.000000
.000024
1.000000
.998729
.999930
.999847
.000000
1.000000
.998983
.000022
.000131
.991615
.000023
.000000
.000000
.000000
.999996
.000032
.000000
.001625
.000547
.999459
.000000
.000000
.000022
1.000000
.999992
.000022
1.000000
.000006
.000003
1.000000
.999302
.996826
.429510
.000000
.000000
1.000000
.000003
.000000
1.000000
1.000000
.000000
.000000
.000000
.000003
.000001
1.000000
1.000000
.048316
.000000
.000003
1.000000
.021323
.977527
.999952
.000000
.000000
1.000000
.997906
1.000000
1.000000
.999986
.991263
.039553
.000000
.000003
.007514
.991616
.000000
.999725
.000000
.000023
.000010
.000000
.999997
.079423
.019169
.000000
.000022
.992130
.000975
.000022
.000022
.000003
.503842
.000002
.000022
1.000000
.000029
.005825
.000999
1.000000
.000000
.008883
.999969
.000000
.000000
.987748
.999977
.003767
1.000000
1.000000
.000000
.000000
.995389
.999575
1.000000
1.000000
.000022
.999426
.000000
.000000
1.000000
.005645
.000000
1.000000
.000000
.000023
.000000
1.000000
.000003
.999983
.995184
.999981
.000000
.000022
1.000000
1.000000
.000022
.999996
.000000
.000003
.000000
.000000
.000005
1.000000
.000003
1.000000
.987069
.001782
.999633
.995445
1.000000
.999991
1.000000
.000018
.000012
.000026
.000022
.999922
.999999
.999662
1.000000
.000000
.000022
.000000
.000000
.999996
.000023
1.000000
.003400
.000000
.000022
1.000000
1.000000
.062849
.000000
.000000
1.000000
.000000
1.000000
.999988
.000000
.999974
1.000000
.048539
.000022
.000024
.995503
.000000
.000000
1.000000
.000246
1.000000
.000022
.000000
.000000
.000000
.999591
.999999
.989072
1.000000
1.000000
.999622
1.000000
.000000
.000000
.000000
1.000000
.999093
.999945
.000000
.000000
.000023
1.000000
.012480
.000022
.000000
1.000000
1.000000
.000000
.000003
.999759
1.000000
.000022
.000000
.999986
1.000000
.999433
.000059
.001156
1.000000
1.000000
.007504
1.000000
.000022
1.000000
1.000000
.000000
.999974
.000022
1.000000
.003227
.000023
.000000
.999999
.999997
.000000
.999947
.999986
.000022
.000023
.000022
.965370
.999985
.000000
.000002
1.000000
.672635
.000000
.000000
.547092
.005778
.000134
.000158
.000033
.000022
.000000
.000022
.000000
.000254
1.000000
.000003
.905762
1.000000
.989964
.998093
1.000000
.000000
.000024
.000003
.000023
.000000
.991613
.991614
.000003
.000003
1.000000
.000000
1.000000
.000022
.000000
.998150
.000000
.000000
.999733
.999181
.998901
.990632
1.000000
.000000
.000000
.000000
.999997
.000022
.000022
.000000
.000022
.989488
.000000
.000001
.995348
1.000000
.000024
1.000000
.000022
.999828
1.000000
.997521
.000003
.999770
.000000
1.000000
.000011
.000000
.999623
1.000000
1.000000
1.000000
.000000
.999977
1.000000
.000000
.000000
.999999
.000022
.991623
.000000
.000569
.000000
1.000000
.999821
.000014
.000022
.999689
.997358
.000022
.007180
.000013
1.000000
.999350
.999099
1.000000
.000000
.999989
.000000
.000022
1.000000
1.000000
.000000
.999086
1.000000
1.000000
.000003
.000003
.000000
.000055
.991592
1.000000
1.000000
.998460
.000000
1.000000
.000000
1.000000
.000023
.000000
.987251
1.000000
1.000000
.000022
1.000000
.999976
.999642
.000022
.992215
.000000
.000000
.000003
.000021
1.000000
.997299
.000000
.000025
1.000000
1.000000
.000023
.994326
1.000000
.001506
.000003
.999632
.000000
1.000000
.012745
.001082
1.000000
1.000000
.000000
.999519
1.000000
1.000000
.991615
.000000
1.000000
.000000
.994838
1.000000
.039329
1.000000
.998252
.000022
1.000000
.000022
.000000
1.000000
.999635
.000022
.000000
.000000
.999996
1.000000
1.000000
.000022
.000000
1.000000
.000000
.999006
.000003
1.000000
.000000
1.000000
.000044
.000000
.000000
.000000
.999414
.995439
.000000
.000022
.991512
1.000000
1.000000
.000000
.999979
.999934
1.000000
.000000
.000000
1.000000
.996076
.995742
.999425
.000022
1.000000
.999636
.000018
.998996
.000000
.000095
.000000
.000000
.000003
.000002
.000022
1.000000
.000003
.000000
.000022
.000022
.999989
.999999
.000005
1.000000
1.000000
.992531
.000000
.977588
.000000
.000000
1.000000
.000022
.999187
1.000000
1.000000
1.000000
.000003
1.000000
.000022
.000000
.999952
.000026
.999812
1.000000
.000011
.996972
.000000
.000003
.000265
.000022
.000000
.000033
1.000000
1.000000
.951730
.000000
.000000
1.000000
1.000000
.999992
.000000
.000022
.000022
1.000000
.991614
.000000
.000000
.994571
.000022
.000000
1.000000
.000000
.000000
.958848
.009266
1.000000
.999710
.000000
.000022
.991527
.000000
1.000000
.000000
.000003
.000022
.016065
.000000
.000000
.000000
.000022
1.000000
.991366
.999647
1.000000
.998448
.000022
.000000
1.000000
.999991
.000003
.000000
.000000
1.000000
.999582
.000071
.000000
.000000
1.000000
1.000000
.001426
.949653
.048373
.000022
1.000000
.000022
.000000
1.000000
.000003
.991609
.000000
.000003
.999739
.000022
.000000
.055362
1.000000
.000000
.999644
1.000000
.011907
.999979
.999959
.312028
.000022
.000000
.000000
1.000000
.999939
1.000000
1.000000
.999987
.999995
.992504
1.000000
.000022
.000000
.000003
.991683
.000022
.000022
.000022
.999535
.000022
.991722
.000022
.000022
1.000000
.000022
.004090
.999999
.000000
.000255
.000022
1.000000
.949367
.000000
.999589
1.000000
.000022
.999885
.999006
.000023
.998988
.000022
.000000
.000000
.999713
1.000000
1.000000
.000022
.000027
1.000000
.999837
1.000000
.000022
.000022
.000000
.000003
.991614
.999998
.000029
.991614
.999225
.000022
.999776
.000000
.999574
1.000000
.000022
1.000000
.999838
1.000000
.000000
1.000000
.009717
.000031
.000000
1.000000
1.000000
.000022
.000000
.000000
.998988
.000000
1.000000
.000000
.000003
1.000000
.987031
.000000
1.000000
.000000
.000023
1.000000
1.000000
.000000
.000000
.000000
.999987
.000000
.000014
.999459
.000000
.000023
.000031
.001760
.009819
.000000
.999608
.997503
.000000
.000000
.993376
.000023
.999015
.000022
.000000
.000023
1.000000
.000023
.000000
.000000
.000022
.000022
.000000
1.000000
.000003
.000000
1.000000
1.000000
.999821
1.000000
.995995
1.000000
.000036
1.000000
.000003
.000022
.999925
1.000000
.999986
1.000000
.000000
.000003
.000000
.000919
.999989
.000000
.000754
.001439
.000003
.999993
.993500
.000000
1.000000
.999987
1.000000
.000000
.999437
.006541
1.000000
.009795
.995280
1.000000
.995693
.000003
.000018
1.000000
.000000
.998385
.999703
.000022
1.000000
1.000000
.995892
.000055
1.000000
.999998
.999196
1.000000
1.000000
.000209
.000023
1.000000
.000022
1.000000
1.000000
.999871
.725063
.000000
1.000000
1.000000
.000002
.000003
.999597
.999995
.999878
.000000
.995336
.000025
1.000000
.000035
1.000000
.998275
.999575
1.000000
.997872
1.000000
1.000000
.000022
1.000000
1.000000
.999726
.000022
.000098
.000017
.000043
.999919
.000000
.000030
.000025
1.000000
.000000
.000118
.996781
.000000
.000899
.000010
.000022
.000022
.764258
.000486
.000008
.999849
.048283
.010144
.000001
.000023
.993857
.000000
.002046
.000019
1.000000
.995235
.000004
.999986
.000000
.999931
.000246
.988300
.000000
1.000000
.000510
.032598
1.000000
.000000
1.000000
.000000
.000000
.022809
.000000
1.000000
.999325
.000000
1.000000
1.000000
1.000000
.000000
.000000
1.000000
.000000
.000000
.000028
1.000000
.995636
1.000000
.000020
.000022
.999918
.000003
.000022
.000022
1.000000
.991899
.999858
1.000000
.000000
.000000
.999078
.000000
.000022
.000000
.000012
1.000000
1.000000
.000000
.999571
.999654
.999902
.000016
.000116
.994147
.000022
1.000000
1.000000
.000006
.007705
.999998
.999999
.999795
1.000000
.000003
1.000000
.000185
.000000
.000022
.996610
.000091
1.000000
.042775
.033797
.996178
1.000000
1.000000
.000022
.000022
.000001
.999576
1.000000
1.000000
.999419
.000022
.000003
.999992
.999997
.999851
.000000
.000189
.000275
1.000000
.000000
.000003
1.000000
1.000000
1.000000
1.000000
.000000
.000022
.000022
1.000000
.991445
1.000000
.999500
.000022
1.000000
1.000000
.000022
.991618
.999581
.000000
1.000000
.000027
1.000000
.729875
.000000
.999975
.999479
.000022
1.000000
1.000000
.999725
1.000000
.913067
1.000000
.047480
.014821
.000000
.000022
.001121
.000699
.000240
.997570
.998370
.000000
.000000
.000022
1.000000
.000003
.000003
.999999
.995387
.000022
.000003
.000000
1.000000
1.000000
.991428
1.000000
.000000
.000022
.002119
.000000
.991165
.000022
.999999
.000000
.999577
1.000000
.000000
.000000
.999904
.999993
.000056
.000025
.000000
.999679
.000776
.000024
.000003
.000000
.000000
.999999
.000022
.994777
.000000
.000022
.000409
.999171
.000000
.000000
1.000000
.999994
1.000000
.999990
.999054
1.000000
1.000000
1.000000
.000000
.000000
.000000
1.000000
1.000000
.000000
.995701
.999999
.999667
.358087
.000000
.000023
.999619
.000022
.000022
.999962
.000000
.000000
.000022
.078395
1.000000
1.000000
.000000
.999999
1.000000
.000000
1.000000
.000003
.000000
.986295
.006487
.326623
.000022
1.000000
1.000000
1.000000
.000000
.000000
.000189
.991600
.000022
1.000000
.647170
.000022
.000000
.026740
.991614
1.000000
.048061
1.000000
.000000
.991694
.000033
.000000
1.000000
.000000
.000046
.991605
1.000000
1.000000
.994970
.000000
.000060
.000022
1.000000
.999954
1.000000
.000000
.000000
.000102
.999180
.000022
.991616
.000248
.000000
.000000
.000017
.000000
1.000000
.641908
.000016
.971300
.000003
.000003
.999666
.000014
.000022
.935667
.991614
1.000000
.000003
.999432
.999640
.999156
.000030
.004095
1.000000
.000000
.000000
.999914
.997281
.000000
1.000000
.028187
.000000
.991614
.999987
.972253
.000000
.000000
1.000000
.000003
.000003
.003448
.999973
.999676
.000000
1.000000
.000587
.000013
.000022
.009430
1.000000
1.000000
.000023
.999581
.000318
.000000
1.000000
.000022
.000000
1.000000
.999960
.999954
.000000
.999990
1.000000
.999096
1.000000
.999999
.000010
.000000
.999653
1.000000
.000000
.000022
.000000
1.000000
.000000
.000000
.000003
1.000000
1.000000
1.000000
.000009
.000022
.999992
.000011
.000013
1.000000
.999993
.000023
.000022
.051011
.000000
1.000000
.000000
.000000
.000000
.999751
.000000
.000000
.000750
.995278
.000021
.000001
.000022
.000617
.000000
.000811
1.000000
.000022
.000000
.000000
.000000
.999559
.000023
.446001
.999998
.999997
1.000000
1.000000
1.000000
1.000000
.000000
.004201
.999575
.998993
.999944
.999716
1.000000
.987289
.000022
.000000
.999998
.000013
.204178
.000000
.000003
.000023
.000027
.997515
.000000
.000000
1.000000
.999605
.556491
.999889
.000000
.994638
.999918
.793463
.000000
.000045
.000022
.006359
1.000000
.999852
.000000
.000000
.000022
.999995
.000000
.000000
.000023
.000000
.999948
.000000
.995025
.000000
.000000
.992683
.009909
.999948
.000003
.999718
.000022
.000000
.039402
.999929
.993333
.000000
.000000
1.000000
.000000
.000023
.992580
.000022
1.000000
.000003
.000643
.000003
.999634
.000000
.991614
1.000000
1.000000
.987865
.000329
.000000
.000000
.001465
.000028
1.000000
.987040
.000023
.985511
1.000000
.000000
.925272
1.000000
.000000
.999961
1.000000
.000308
.000000
.995705
.991539
.000000
1.000000
1.000000
1.000000
.999372
.000799
1.000000
.000000
.000000
.000000
1.000000
.994520
.000243
.000000
.000003
1.000000
1.000000
.000019
.000000
.000022
.000000
1.000000
1.000000
1.000000
.999583
.000000
.999985
.000003
.000000
.999985
.893418
.000023
.000000
.997786
.000010
.000000
.999981
.000000
.996319
.999107
.006529
.000000
.000003
.999244
.000000
.999998
.000000
1.000000
.999580
.991571
.999894
1.000000
.000000
1.000000
.971909
.000022
.000000
.000023
.000003
1.000000
.000003
.999457
1.000000
.000051
.000000
1.000000
.000000
.000000
.000022
1.000000
1.000000
1.000000
.000000
.000000
1.000000
1.000000
.999428
1.000000
.000000
1.000000
.000000
.000000
.999605
1.000000
.002384
.000023
1.000000
.992378
.999493
.000000
.000022
.031476
.000001
.985799
.000022
.995291
.000000
.000000
.000022
1.000000
1.000000
.000002
.991614
.000022
1.000000
1.000000
.000003
1.000000
1.000000
.000019
.000000
1.000000
1.000000
.994388
1.000000
.000003
.999976
.000000
1.000000
.000000
1.000000
.994959
.994163
.000000
.000000
.999574
.000000
.000000
.996488
.000000
1.000000
.000112
.995232
1.000000
.000000
.000022
.000000
1.000000
.999908
.000000
.000022
.999714
.996779
.000022
.000000
1.000000
.000022
.000000
1.000000
.005572
.570775
.000000
1.000000
.000000
.009725
.000022
.999988
.000000
1.000000
.000032
.995887
1.000000
.000000
.015409
.995474
.000003
.000023
.000000
.999575
.000275
.000003
.000022
1.000000
.000000
.000000
.233558
.000000
.000000
.983861
1.000000
.044475
.999927
.992020
.000000
.000000
.040959
.000000
.000022
.999999
.000022
.988895
.000000
.999999
.000022
.000022
.999776
1.000000
.999667
.995245
.999999
1.000000
.000142
.000022
.000000
.018268
.000000
1.000000
.000000
1.000000
.992817
.000000
.000000
1.000000
.000022
.995002
.999923
.958968
.991614
1.000000
.000016
.000000
1.000000
1.000000
1.000000
.000022
.991478
.999854
1.000000
.095661
1.000000
.000000
1.000000
.991958
.999996
.000000
.999577
.009630
.000000
.000000
.000000
.006505
.999983
.999713
.000000
.000010
1.000000
.000022
.000022
.000000
.000003
.000000
.999840
.002046
.000017
1.000000
.999413
.896749
1.000000
.000000
.998837
1.000000
1.000000
1.000000
1.000000
.000023
.000319
1.000000
.000000
1.000000
.999952
.027368
.000000
.000022
1.000000
.180238
.000000
.000000
.000030
.030383
.000000
.015664
.000000
1.000000
1.000000
1.000000
1.000000
.996172
1.000000
.000000
.000000
.000022
.120236
.996202
.787714
.996878
.000023
.000022
.000028
.000003
.041984
.000000
.000003
.000000
.988702
.999596
1.000000
.995114
.000000
1.000000
.000022
.000022
.385216
.006926
.000000
1.000000
.000000
.999969
.000022
.987979
.000000
.000000
1.000000
.999989
.999174
.000022
1.000000
.995618
.000022
.999982
.000000
.000000
1.000000
1.000000
1.000000
1.000000
.000000
.008343
.000023
1.000000
.996030
.496733
.000000
.000000
.999694
.000022
1.000000
.305233
.000000
.000000
.000023
.991602
.999839
.000000
1.000000
.991616
.995344
.000029
.991670
1.000000
.000003
.005136
.956708
.000022
1.000000
.992297
1.000000
1.000000
.000022
.000003
.000222
.000003
1.000000
.999987
1.000000
.991609
.000000
.991351
1.000000
.000025
.999152
.999839
1.000000
.000215
.999983
1.000000
.000022
.000011
.000000
.000022
1.000000
.991600
1.000000
.000000
1.000000
1.000000
1.000000
.000022
.000003
.999601
.000023
1.000000
1.000000
.999641
.999887
.000015
.992956
.000000
1.000000
.000000
.000000
1.000000
.997795
.000022
.987128
.000000
1.000000
.991419
1.000000
.000000
1.000000
.000022
.999044
.999990
.000000
.000032
.030969
.990776
.998984
1.000000
.000012
.000006
.000022
1.000000
.986382
.000000
.000000
.975247
.000000
.942490
.000004
.000018
.000000
.999981
1.000000
1.000000
1.000000
.999459
.000000
.000000
.000022
.000022
.000022
.000000
.999876
.995563
1.000000
.999577
.000000
1.000000
.077198
.000004
.000000
.050285
1.000000
.000000
.000023
.000000
.000030
.000000
.000022
.000000
.999987
.999669
.000000
.999577
.000153
1.000000
.000022
.991605
.015789
.000023
.000000
1.000000
.000870
.999642
.999222
1.000000
.000000
.999746
.000000
.000000
1.000000
1.000000
.993888
.009787
.000000
1.000000
.000000
.000000
1.000000
.025546
.000000
.000000
1.000000
.000000
1.000000
.000022
.000000
.999978
.999900
.000540
.000000
.000000
.000000
.000000
.995148
.000000
1.000000
.999615
.000000
.000000
.000000
.528289
1.000000
.999986
1.000000
.000022
.000000
.000000
.000000
.000081
.000064
.911892
.999999
.009736
.999689
.000000
.000022
1.000000
.998381
.999212
.910075
1.000000
.867722
.999999
.000000
.000000
.000001
.000000
.000000
.248539
.000248
.000022
.000000
.999952
.988901
.973797
.999741
1.000000
.000026
1.000000
.000022
1.000000
.999732
.000003
.000000
.000000
.998447
.859907
.000005
1.000000
.000125
.000002
.006786
.000022
1.000000
1.000000
.000029
.991612
1.000000
.994817
.982759
.000022
.988184
.994962
1.000000
.996118
1.000000
1.000000
.000000
.000022
1.000000
.000000
.988524
1.000000
.000000
1.000000
.999581
.000000
.009640
.999001
1.000000
.000000
.000022
1.000000
1.000000
1.000000
.001725
.000206
.000763
.000215
.991492
1.000000
.999759
.000000
1.000000
.000022
.000000
1.000000
1.000000
.991614
.993360
1.000000
1.000000
1.000000
1.000000
.000000
1.000000
.000000
.995820
1.000000
.000000
.999961
.008622
1.000000
1.000000
.000054
.000000
.024776
1.000000
.991610
.037283
.000017
1.000000
.000000
.000234
.001871
.000022
.000022
1.000000
.999849
1.000000
.000022
.715086
.999593
.975880
.994524
.619470
.266097
.995888
.000000
1.000000
.991583
.996895
.000000
.000000
.000000
1.000000
.000000
1.000000
1.000000
.000022
.999337
.001187
.000000
.000883
.000000
1.000000
.999011
.991614
1.000000
.000022
.000000
1.000000
.000022
1.000000
.000000
.000003
1.000000
.000000
.999797
.958064
.000095
.000022
.000000
1.000000
.000023
1.000000
.000024
.000022
.998364
.000000
.999923
1.000000
.000000
.000941
.019646
1.000000
.993908
.000000
.000000
.000006
.000039
.000003
1.000000
.000000
.000022
.007663
.000333
.000125
.000000
.991614
.000018
.999918
1.000000
1.000000
.999982
.047167
1.000000
.997268
1.000000
1.000000
1.000000
.000023
1.000000
1.000000
.000000
.000003
1.000000
1.000000
.991894
1.000000
.000022
.991611
.992551
.000000
1.000000
.000022
.000026
.000000
.006519
.015797
.996052
1.000000
.000000
.991614
.000000
.999970
.000000
.000022
1.000000
1.000000
.000003
.000000
1.000000
.992225
1.000000
1.000000
.000022
.000000
1.000000
.000000
.992528
.000003
1.000000
.998675
.000000
.999972
.000000
.984763
1.000000
1.000000
.000022
.000009
.992488
.000023
1.000000
.922478
1.000000
.000033
1.000000
.000022
1.000000
.000022
.000002
.000000
.004469
.010086
.000000
1.000000
.000022
.000003
.000000
1.000000
.990641
.000000
1.000000
1.000000
.000000
1.000000
.000022
.960476
.999851
1.000000
.000022
.999623
.000022
.000003
1.000000
.999824
.999398
.981497
.048636
.000003
.996408
1.000000
.000000
.048998
.000022
.998751
1.000000
1.000000
.000000
.000029
.976434
.000003
.000132
.008840
.043363
.022266
.945175
1.000000
.000022
.000024
.995009
.999582
.999949
.000000
.000000
.000000
.000198
.999875
.000022
.000000
.000026
1.000000
1.000000
.000000
1.000000
.997546
1.000000
.000000
.008840
.999292
.000000
.999991
.999997
.000022
.000003
1.000000
.091260
.997994
1.000000
.000022
.011930
.000000
1.000000
.000000
.998242
.000022
.000003
.996917
.990625
.000000
.000023
.999351
.998772
1.000000
.990857
.959972
.999969
.000022
.000022
1.000000
.000022
.010173
.000023
.999665
1.000000
.999855
.995464
.999696
.000000
.998052
.000022
.000000
1.000000
.000000
1.000000
.000022
.000023
1.000000
1.000000
.000000
.000003
1.000000
1.000000
.999956
.997015
.999929
.000022
.000010
.991572
.000000
.000000
.000000
.999989
.000106
1.000000
.997304
.000000
.000002
.925501
.000000
1.000000
.000013
1.000000
1.000000
1.000000
.002418
.000003
.000022
.999998
.999717
.991613
1.000000
.000000
.991616
.000000
1.000000
.000000
.999990
.000000
1.000000
1.000000
1.000000
.000000
.000000
.000022
1.000000
.999980
.000003
.000037
1.000000
.000000
.000000
.000022
.000000
.000003
1.000000
.000017
1.000000
.000022
.000022
.000000
1.000000
.997661
.998979
.000000
.991623
1.000000
.999999
.000000
1.000000
.000000
.000003
.000000
1.000000
1.000000
.991649
.000000
.999990
.000003
.000000
.000000
.000000
.012065
.000000
.999062
.999992
.000000
1.000000
1.000000
.000021
1.000000
.000000
1.000000
.000000
.999957
.048372
.000000
1.000000
.000023
.900099
.005613
.000000
.000163
1.000000
.000000
.000000
1.000000
.000022
.000022
.000097
1.000000
.999973
1.000000
.000005
1.000000
.000000
.000000
.000000
1.000000
.999485
1.000000
1.000000
.000025
.000022
.048462
1.000000
.000000
.864386
.000022
.000021
.000291
.000022
.000000
.998024
.000003
.000000
.000000
.000000
.999631
.368667
.000022
1.000000
.999214
.000022
1.000000
.913433
1.000000
.000022
.996715
.000000
1.000000
.000000
.000022
.000022
.999575
1.000000
.000002
.000022
1.000000
.000022
.003686
1.000000
1.000000
1.000000
1.000000
.000022
.000012
.005718
.000000
.008101
.000003
1.000000
.000024
1.000000
.565257
1.000000
.999577
.000022
.932148
.000000
.000000
.000000
.000023
.000000
.998460
.000003
.000000
.000000
.999989
1.000000
.000024
.999045
.000000
.999997
.927672
.000000
.999875
1.000000
.991532
.000000
.999612
.000003
.000000
.000022
.001502
.000000
.000298
1.000000
.000000
1.000000
.999561
.000022
.000120
.000000
.005432
.000003
.000038
.999570
1.000000
.564077
.000000
1.000000
.000022
.000000
.998674
.000003
.000022
.000022
.000026
1.000000
.000003
.000000
.000003
1.000000
.000022
.025874
.992404
.991612
1.000000
.000050
.000024
1.000000
.000001
1.000000
.000000
.000022
.747854
.000086
1.000000
.000022
.999888
.000000
1.000000
.000000
.000000
.999980
.000000
.999712
.000000
.000109
.999586
.000024
1.000000
.000000
1.000000
.000003
.999612
.000000
.000022
1.000000
.987643
.000022
.991614
1.000000
.000015
.009897
1.000000
.000047
.999997
.000000
.000022
.000000
.000003
.000000
.000028
.000000
.992447
.988034
.999780
.000022
.996335
.000000
.000000
1.000000
1.000000
.000000
.999027
1.000000
.011486
.000000
.000018
.999930
.999583
.497048
.000000
.000011
.000000
.000022
.000069
.000000
.999330
.012545
.000022
.000024
.000000
.999916
.000000
.000022
1.000000
.007818
.000000
.000000
.000000
.000000
.000022
.996645
.000737
.000022
.999629
1.000000
.000000
1.000000
1.000000
1.000000
1.000000
1.000000
1.000000
.000023
1.000000
.000000
1.000000
.999011
.000000
1.000000
.006045
.000003
.000025
.000005
.000022
.009662
.520397
.000000
1.000000
1.000000
.993983
.000022
.000000
.000003
.000000
1.000000
.999893
.999473
.000000
1.000000
.000022
.000027
.999956
.000023
.000016
1.000000
1.000000
.998084
.000022
1.000000
.000001
.991614
.000022
1.000000
.989710
.000128
.182950
.991746
.993107
1.000000
.000000
.000000
.000022
.000000
1.000000
.000000
1.000000
.000000
.013491
.840757
.000000
.000000
.000000
.000023
.222816
1.000000
.989360
1.000000
.007343
.991511
.992082
.000000
.000000
.000000
.000000
.000000
.000022
.076737
.999995
.000003
.000061
.997476
1.000000
1.000000
.000000
1.000000
.000022
.999957
.000023
.992063
.999606
.000023
1.000000
.000000
.000177
1.000000
.009543
1.000000
.994104
.000121
.005214
.000003
.008699
.000000
.997911
.000000
.999953
.997536
.999986
1.000000
.007200
.996186
.000000
1.000000
.000000
.000000
.999929
1.000000
.000000
.991608
.000003
.000000
.000000
.000000
.998402
1.000000
.000022
.000023
1.000000
.005858
.000000
.000000
.000000
.000000
.000004
.000000
.995310
.999589
.000000
.000030
.000000
1.000000
.000000
.000001
.999784
1.000000
1.000000
.000003
.588336
.989749
.991414
.000000
.934248
.000022
1.000000
.000022
.005148
.007702
.000000
1.000000
.000401
.999168
.999517
.000169
.000000
.000022
.000022
.050040
.000000
.996076
.000022
.000759
.000017
.000000
.000000
.999824
.000022
1.000000
1.000000
.000022
.996020
.990815
.000022
1.000000
1.000000
.999989
.000023
.000003
.999607
.048507
.000004
1.000000
.000022
1.000000
.991608
.000024
.000000
.000000
.999577
.000000
.000319
.977597
.001855
1.000000
.000000
.000010
.000003
.000022
1.000000
.000000
.997839
.000000
.000022
.000000
.000000
.000000
.000000
.392741
.000000
1.000000
.000022
.000022
.999998
.000022
.000011
.000474
.000020
.999843
.000001
.990439
.999997
.000000
.018068
1.000000
.000022
.999269
.000000
.999630
.000003
.000000
1.000000
.000000
.000023
.999074
.000023
1.000000
.999953
.006412
.000000
.000000
1.000000
.999858
1.000000
.999589
.000022
.009820
.000000
.000000
.991727
.000023
.000009
.000173
.030763
.999946
.000000
.000012
.000025
1.000000
.000022
.000022
.996399
.000022
.000033
.000003
.000352
.000003
.989466
1.000000
1.000000
1.000000
.000000
1.000000
.000022
.991614
.000023
.000000
.000000
.993849
.990947
.000000
.000000
.000022
.622734
.987651
.000000
.000022
.000022
.000022
.000004
.000000
.000000
1.000000
.999799
.995320
.998519
1.000000
.000000
1.000000
.999999
.000020
.000000
1.000000
.000010
1.000000
.000000
.000000
.000022
.000000
.000000
1.000000
.000200
.000000
.999993
1.000000
.999999
1.000000
.000003
.000001
1.000000
.000000
.991812
.976150
1.000000
.000048
.002035
1.000000
.000000
1.000000
.000022
1.000000
.000000
1.000000
.999976
.000003
.151621
.000000
1.000000
.991005
.000026
.992075
.000194
.999607
.999957
.000411
.999995
.000022
.000022
1.000000
.999996
.999699
1.000000
.994007
.999996
.000022
.999921
1.000000
1.000000
.003818
.000000
1.000000
.001033
.999999
1.000000
.951473
1.000000
.006687
.986338
1.000000
.995538
1.000000
1.000000
1.000000
.000001
1.000000
.000000
1.000000
.000003
.000003
.999594
1.000000
.000002
.000022
.000003
.999999
.999918
.977221
1.000000
.009807
.000000
.000000
.000000
.000000
.968695
.966183
.002379
.975329
1.000000
.000000
.000000
1.000000
.000000
1.000000
.999404
.000022
.996214
.998001
1.000000
.998581
1.000000
.000000
.000000
.999282
.000000
.999922
.000022
.000022
1.000000
.000000
.000141
.000003
.999998
.000162
.991578
1.000000
1.000000
.000022
.000003
.000000
1.000000
.000022
1.000000
.000021
.999991
1.000000
.999942
.000000
1.000000
.000000
.000022
.000000
.000022
.999999
.000000
1.000000
.372930
.000000
.000000
.999574
.000048
.000022
1.000000
.001465
.000000
.000022
.000022
.000022
1.000000
.000015
1.000000
.995924
1.000000
1.000000
.000000
.995271
1.000000
1.000000
.000003
.000152
.995137
.008427
.000000
1.000000
.000000
.000947
.000116
1.000000
.999970
.067556
.973446
.000000
.000003
.000022
.000000
.999998
.000022
1.000000
.991614
1.000000
.985263
.999999
.999021
.999639
.000000
.968367
.999020
.000000
1.000000
.000004
.999683
.999183
1.000000
.001517
.000040
.000003
1.000000
.999214
.048352
1.000000
.000000
1.000000
.000022
.995404
1.000000
.000212
.991611
.395277
.995093
1.000000
.000000
.000000
1.000000
.974647
.000022
.000003
.000000
1.000000
1.000000
.000022
.999296
.994415
.000000
1.000000
.000000
.999022
1.000000
.999583
.000021
.000022
.000000
.000000
.000017
1.000000
.000084
.000086
.000000
.996051
.000000
.000003
.000024
.000000
.000023
.000000
.000003
.000000
.000022
1.000000
.000022
.000022
.000023
.999973
.000000
.000000
.000170
.995369
.000000
.000000
1.000000
.996392
.994887
.000000
.000000
.000000
.000000
.000000
.000022
.000000
1.000000
.004743
1.000000
.000000
1.000000
.000000
.996711
.000000
.000000
.000023
.000024
.000022
1.000000
1.000000
.999999
.999731
.000000
.999576
.000000
.999993
.000000
.995624
.000000
1.000000
.000000
.202145
.000024
1.000000
.995256
.002082
1.000000
.000000
1.000000
.000000
1.000000
.000000
.146081
.999968
1.000000
1.000000
.991613
.000002
.000023
.000022
.999920
.999917
1.000000
.994946
.991608
.007877
1.000000
.000000
1.000000
.000194
1.000000
.999737
1.000000
.000022
1.000000
.000000
.999559
.999896
.003888
.999736
.001678
.000000
.999969
1.000000
.027735
.000000
.000022
1.000000
1.000000
1.000000
.944422
1.000000
.000022
.000022
.993312
.000023
.000022
.000000
.007104
1.000000
.000022
.000009
.000022
1.000000
.999989
.999985
.000022
.000023
1.000000
1.000000
1.000000
.997643
1.000000
1.000000
.991127
.000000
.000000
.999748
.999967
.000022
.000000
.005676
.009808
.005646
1.000000
1.000000
.000000
1.000000
1.000000
.000000
.999805
.000022
1.000000
.999584
.999899
.000000
.999951
1.000000
.000026
.009939
.999882
1.000000
.000039
1.000000
1.000000
1.000000
.995171
.000000
1.000000
1.000000
1.000000
1.000000
.000000
1.000000
.000034
.000000
1.000000
.000022
.000025
1.000000
.000000
.082223
.000023
1.000000
.000022
.000184
.999726
.999126
.991467
1.000000
.000033
.000000
1.000000
.000000
.000022
.000000
1.000000
1.000000
.806353
.000000
.995755
1.000000
.999830
.713256
1.000000
.000022
.000022
.000000
1.000000
1.000000
.002171
1.000000
1.000000
.000000
1.000000
.994534
.999988
.000050
.000000
.000000
.000000
.000002
.000000
.005680
.000000
.000022
.990517
.999544
.007264
.000000
.000007
.986786
.991613
1.000000
.000000
.000003
.000022
.995432
1.000000
.009696
.999986
.999985
.000000
1.000000
.991556
1.000000
.000000
.000022
.000022
1.000000
.999117
.000000
.000000
1.000000
.996914
.000000
.000000
.289382
.999731
.000015
.999422
1.000000
.000023
.000000
.000000
.000000
1.000000
.000002
.999340
.000000
.000000
1.000000
.997148
.000003
.999400
.000000
1.000000
1.000000
1.000000
1.000000
1.000000
1.000000
.000000
.000000
.000022
.000000
.968378
1.000000
.000022
.999999
.000010
1.000000
.000044
.000000
.999995
.000000
.996789
.000022
.999937
.000004
.999593
.000000
.001094
.035743
.999712
.999940
.000003
.000046
1.000000
.000000
.000000
.000023
.991581
.995261
.000000
.000000
.000000
.000022
1.000000
.000246
.999827
.000022
.006749
.000022
.999583
.000000
.001084
.000022
.985312
.000000
.999998
.000022
.000000
.000012
.000000
.000000
.004195
.110934
.000000
.031351
.000002
.000000
1.000000
1.000000
.000003
1.000000
.986428
.000000
.008445
.999963
.000000
1.000000
.000000
.996955
1.000000
.000024
.999998
1.000000
.000023
.045190
1.000000
1.000000
1.000000
.000000
.008692
1.000000
.999993
.000000
.990685
1.000000
.000022
.000000
1.000000
.019414
.994941
.000022
.000000
.000022
.999960
1.000000
.000127
.038318
.999011
.000353
.000022
.000002
.000003
.000014
.999905
.000022
.000000
.999915
.000448
1.000000
1.000000
1.000000
.005798
.000024
.072954
.000000
.000003
.000000
.000000
1.000000
.999683
1.000000
.000000
.969132
.994773
.000000
1.000000
1.000000
.000000
.000000
1.000000
.425342
.000022
.000022
.000000
1.000000
.000000
.000003
.000000
1.000000
1.000000
.000179
.000000
1.000000
.999984
1.000000
.998632
1.000000
.000000
.000023
.000664
.021164
.000000
.999929
.000000
1.000000
.999589
.000000
.999795
.000000
.000000
.999189
.000022
1.000000
1.000000
.996435
.000000
.999803
.000213
.999914
.000022
.000000
.014470
.000022
1.000000
1.000000
.013806
.999384
.999603
.000000
.000000
.000000
.000000
.000003
.000003
.000022
.000022
.991608
.000022
1.000000
.175688
.000022
1.000000
.000000
.000000
.991604
.000000
1.000000
1.000000
.005878
1.000000
.012161
.000000
1.000000
.999960
1.000000
.999985
.000023
.000000
.838066
.000000
.000000
1.000000
.000022
.000108
.000023
1.000000
.999076
.999560
.000002
.000001
.000000
.000000
.000000
.000000
.000016
.999990
.000003
.000022
1.000000
1.000000
.000005
.999757
1.000000
1.000000
.000000
.000000
1.000000
.991200
.999998
1.000000
.991600
.992279
1.000000
.000000
.991502
.000022
.000000
.000022
1.000000
.999999
.000000
.019383
.000000
.999776
1.000000
.000000
.000266
.000000
1.000000
.999771
.000023
.000023
.999358
.000000
.987618
1.000000
.000000
.000003
1.000000
.177300
.000003
.995719
1.000000
.000022
1.000000
.000000
.991617
.048437
.001142
1.000000
.996003
.000000
.000000
.000023
1.000000
.000000
.000022
.991548
.000000
.999953
1.000000
.000022
.009723
.000061
.000000
.717662
.000000
.000003
.049886
.000000
.719729
.000781
.991587
.000121
.000000
.000000
1.000000
.000000
.000000
.000015
.999655
.860888
.000022
1.000000
.000094
1.000000
1.000000
.000022
.999998
.736497
.999577
.998749
1.000000
.000029
.994418
1.000000
.993233
.000000
.136107
.000022
.000311
.000037
1.000000
1.000000
.999588
.000000
.000000
.000023
1.000000
.000000
.999180
.950349
.998956
.997360
1.000000
.000023
.000000
1.000000
1.000000
.000000
.000000
.000023
.000003
.000030
.000000
.000022
.939459
.000000
.000083
.000022
1.000000
.000000
.000022
.000000
.009142
.049264
.000000
.999426
1.000000
.000001
.000022
1.000000
.991614
1.000000
1.000000
.000023
1.000000
.003872
.000003
.999532
.999575
.000003
.000000
.000000
.000000
.999578
.000000
.480160
.024293
.000371
1.000000
1.000000
.996478
.998938
.000000
.000000
.000028
1.000000
.000000
.000000
1.000000
.000000
.000000
.999414
.000000
.000014
1.000000
.000000
.000000
.000003
.000043
.000022
1.000000
.000000
1.000000
.016908
1.000000
.024508
.000124
1.000000
.013970
.999551
.999930
.000000
.999998
.000000
.999666
.999514
1.000000
.000003
.000000
.000000
1.000000
.999094
.984608
.006845
.000000
.000000
1.000000
.000003
.000000
.000000
.000000
.048449
.003035
.001229
.999168
1.000000
.084662
.000000
.000022
.999577
.000451
.000000
1.000000
.000010
.000022
.000003
.999104
1.000000
.000022
1.000000
.000000
.000000
.000000
.000022
.000000
.999932
.000022
1.000000
.999577
1.000000
.001218
.000000
.000022
1.000000
.000022
.000000
1.000000
.000022
.000000
.005752
.000022
.016521
1.000000
.000142
.994757
.000023
.000022
.000003
.000003
.000003
.000022
1.000000
.000000
.983599
.991548
.000000
1.000000
.999902
1.000000
.000000
.999652
.000003
.999802
.000000
.000000
.979750
.000024
.045962
.999584
.000000
.000003
.038404
1.000000
.684942
1.000000
.012741
.000000
1.000000
1.000000
1.000000
.000000
.995419
.696433
1.000000
.000000
.000000
.000003
.988374
.000055
1.000000
.999991
.003387
.000000
.999756
.905464
.999999
.067233
.999997
.999585
.000481
.000586
1.000000
.000019
.998988
.000000
.000022
1.000000
1.000000
.995221
.000003
.997915
.000022
.000022
.006093
.998756
.000000
.000000
.000000
.784841
.991613
1.000000
.009356
.000000
.000000
.000000
1.000000
1.000000
.999999
.999934
.994454
1.000000
.000022
.037608
.000022
.999424
.000003
.000000
.000006
.000000
.000000
1.000000
.000000
.997085
1.000000
.000000
.000003
.005257
.999586
.999822
.000003
1.000000
.009788
.000074
.999999
1.000000
.987682
.000564
.992064
.999999
.998995
1.000000
1.000000
.002296
1.000000
.000000
.000046
1.000000
.999189
.000000
.000000
1.000000
.999714
1.000000
.000023
.998341
.000099
.000000
.000022
.000023
1.000000
.000022
.998443
.000022
.999742
.000022
.000927
.561130
.999993
.991823
1.000000
.009686
1.000000
.000038
.000000
1.000000
1.000000
.999929
.000000
.000000
1.000000
.000022
.996306
.000023
.968318
.000003
.000003
.000022
.999955
.000040
1.000000
.999792
.000077
.999402
.000000
.991604
.000000
.995137
.991085
.999601
.003797
.000777
.000000
.002160
.000000
1.000000
.000022
.000023
1.000000
.000001
.000022
1.000000
.000022
.598095
.999999
1.000000
.999323
.000000
.999999
.016976
.000000
.646238
1.000000
1.000000
.994204
.000000
.000022
.999889
.000000
.000022
.995269
1.000000
1.000000
.002157
1.000000
1.000000
.012214
.000022
.000000
1.000000
.000000
1.000000
.000000
.000001
.000022
.000000
.000022
1.000000
1.000000
1.000000
1.000000
.000033
.986771
.000013
.000043
.000023
.995236
1.000000
.000000
1.000000
.000022
.000023
1.000000
.000000
.000003
.000000
1.000000
1.000000
1.000000
.999991
.048207
.000022
.000444
1.000000
.000000
1.000000
.999781
1.000000
.999033
.000000
.000000
.991613
.000000
.995585
.002385
1.000000
.999583
1.000000
.000000
.000000
.000000
.991596
1.000000
1.000000
1.000000
.220439
.999363
.000022
.000022
1.000000
.983617
.000053
.999574
.000000
.000000
.000022
.000005
.020412
1.000000
.000003
.994458
.000022
.000023
.000003
.994750
.000000
1.000000
.000000
1.000000
.999997
.000022
.991419
.000022
.000000
.000000
.000003
.000003
.000000
.999397
.000022
1.000000
.000000
1.000000
.003911
1.000000
.000000
.999999
.000022
1.000000
.000000
.999999
.000022
.999856
.000003
1.000000
.995539
.000027
.000022
.000582
1.000000
.000017
.000001
.566793
.000022
.000066
.999518
.000000
1.000000
.000003
.000029
.000000
1.000000
.000000
1.000000
.000043
.000022
.000005
.999992
1.000000
.032088
.000000
.000000
.741859
.000003
.209493
.000022
.000023
1.000000
1.000000
.999984
.999278
.001226
1.000000
.000089
.000022
.079277
1.000000
.000021
.000000
1.000000
.991250
1.000000
.994546
.000022
.002006
.000022
1.000000
.000022
.000000
.000022
.000000
.000000
1.000000
1.000000
.999941
.999137
.000000
1.000000
1.000000
1.000000
.000000
1.000000
.000022
1.000000
.000000
.000004
.999957
1.000000
1.000000
.000000
.000000
1.000000
.000022
.000022
.000000
1.000000
1.000000
.000000
1.000000
.000024
.000000
1.000000
.999969
.999953
1.000000
.999222
.999080
.000024
.999998
.999069
.000026
1.000000
.991607
1.000000
.000023
.000010
1.000000
1.000000
1.000000
1.000000
.000022
.002146
.994281
.000003
.979712
1.000000
.000000
.000000
.000003
.999755
1.000000
.000000
1.000000
.000000
.000000
.998844
.996087
.000022
.000000
.000022
.000003
.009353
.000000
.991614
.000022
1.000000
.000022
1.000000
1.000000
1.000000
.000023
.000022
.000000
1.000000
.000029
.000000
.000023
.000022
1.000000
1.000000
.000000
1.000000
.000024
.999829
.000063
.000022
.995093
.999998
.010439
.996439
.000000
.000000
.996548
.000000
.000003
.000022
.000000
.991613
.000012
.996021
.000070
.000000
1.000000
1.000000
1.000000
.999091
.000030
1.000000
.999086
1.000000
.000000
1.000000
.996672
1.000000
.038888
.000000
.000000
.999994
.999554
.999992
.000000
.000001
1.000000
1.000000
.000003
.673784
1.000000
.993409
.000023
.000000
.999987
.000023
.999976
.999984
.999568
1.000000
.007013
.001155
.000000
1.000000
.000099
.999281
.999779
.999944
.000022
.999076
.007274
.000000
.998683
.982288
.984620
.000003
.000002
.000000
.000000
.000044
.000000
.048368
1.000000
.000000
1.000000
.013918
.000022
.000000
.000000
.998430
.986051
1.000000
.999999
.999519
.000000
1.000000
1.000000
.000000
.000023
.999608
1.000000
.991623
.000000
.000022
1.000000
.999086
.000000
.000964
.000000
1.000000
1.000000
.999998
1.000000
1.000000
.000000
.000000
1.000000
.000023
.000003
.000000
.000000
.000805
1.000000
1.000000
.000022
.991607
.048451
.991642
.999960
1.000000
.000000
1.000000
.463839
.000000
.000022
1.000000
.000039
1.000000
.999130
.000000
.000029
1.000000
.999998
1.000000
.000000
.049952
.004600
.999265
.000023
.999661
.000022
.991546
.000000
.000000
.000022
.999997
.999482
1.000000
.995680
.000000
1.000000
.000000
.000003
.999460
1.000000
.009498
1.000000
1.000000
.993386
.000274
.000000
.000022
1.000000
1.000000
1.000000
1.000000
.000000
.994614
.000022
1.000000
1.000000
1.000000
.999623
1.000000
1.000000
1.000000
1.000000
1.000000
.000003
.991508
.999695
.000022
1.000000
.991613
.000043
1.000000
.999999
1.000000
1.000000
.000003
.999995
.999858
.990683
.000022
.000028
.000003
1.000000
.000000
1.000000
.000000
1.000000
.000000
.000000
1.000000
.000023
.000000
1.000000
.000000
.000273
.991648
.000023
.000000
1.000000
1.000000
.000000
.003433
.000003
.000022
.075043
.000022
.000000
.005646
.932340
1.000000
1.000000
1.000000
1.000000
.999433
.000000
.000000
1.000000
.999812
.000022
1.000000
.991620
.000003
.000000
1.000000
.000000
.999957
.999997
.000000
.999064
.000022
.000000
.000000
.999575
.000000
.999847
1.000000
.000000
.991595
.000097
.000000
.995297
.000000
.998762
.000000
.000022
.993930
.000049
.005239
.000000
1.000000
.000000
.987730
.000022
.542451
1.000000
.734205
1.000000
1.000000
1.000000
.000000
.999980
.999999
1.000000
.000000
.000000
1.000000
.999868
1.000000
.007024
1.000000
.000000
.000000
.000022
.000000
.996734
.999935
.000023
.000022
.997169
.000000
1.000000
.000000
.991615
1.000000
1.000000
.000000
.997064
.000022
.992138
.991558
.000000
1.000000
.000033
.000000
.023292
.000001
.001415
.000000
.000000
1.000000
.000000
.000003
.991046
.999999
.000000
.991869
1.000000
.988060
1.000000
.000000
1.000000
.000084
.000000
.000000
.000001
.000001
.000000
.000022
.000000
.000022
.999910
.995735
1.000000
.999980
.000032
1.000000
.009942
.000015
.000022
.982370
1.000000
1.000000
.999878
1.000000
1.000000
1.000000
1.000000
.000000
1.000000
.010521
1.000000
.003452
.000023
1.000000
1.000000
.000000
.002030
.999999
.000000
.000048
1.000000
.000022
.991584
.999983
1.000000
1.000000
.993603
.000022
.000000
.929990
1.000000
.000022
.000022
.999661
.000105
.999913
.000024
.000000
1.000000
.000000
.000000
1.000000
.000022
.000000
.000000
1.000000
.000000
.000022
.091366
1.000000
.000000
1.000000
.999980
1.000000
.999227
1.000000
.125466
.991636
.000022
.744712
.999999
.999633
1.000000
.999980
.000022
1.000000
.999992
1.000000
.000022
.999989
.000025
1.000000
.977011
.000022
.000013
.000000
.999715
.999510
.000413
.350074
.000000
.000000
1.000000
1.000000
.000000
1.000000
.992873
.000022
.000000
1.000000
.000000
.999981
.991330
.000223
1.000000
1.000000
.000005
.000022
.996521
1.000000
.120085
.000000
.000000
1.000000
.999577
.992982
.000000
1.000000
.000000
.999735
.000000
.000000
.048943
.000000
1.000000
.000000
.992070
.000137
.000000
1.000000
1.000000
.000022
.000000
1.000000
.000000
.000026
.995475
1.000000
1.000000
1.000000
.971222
.000022
.000000
.000003
.999126
.995395
1.000000
.000023
.000000
.991363
.999623
.000000
.991614
1.000000
.000022
.000000
.000000
.999999
1.000000
.974986
.018094
.000000
1.000000
.000020
.999999
.000022
.000000
.000000
.000000
.000000
.999675
.999871
.000000
.991598
.000025
.999741
.000022
1.000000
.994204
1.000000
.992762
.999702
1.000000
.000022
.048460
.000023
.000000
1.000000
.000000
.000000
1.000000
.000022
.000042
.000000
.000000
.000022
.000019
.000000
.000030
.996298
1.000000
.000022
.000000
1.000000
.000023
.991617
.991614
.000022
1.000000
.000000
.000023
.000000
1.000000
.000022
.000000
.000572
.000003
.000003
.048142
1.000000
.000005
.981866
.000025
.000001
.000000
1.000000
.000000
.995822
.000293
.104438
1.000000
.000022
1.000000
.000022
.000002
.999999
.000022
.999862
.991578
.998425
.000159
.991499
.998223
.000000
.000000
.000022
1.000000
.000000
1.000000
.000000
1.000000
.000025
1.000000
1.000000
1.000000
.000031
.999997
.000000
.000022
.000000
.995481
.000022
1.000000
.000000
.000022
.000000
.000022
.000022
1.000000
.783078
1.000000
.000000
.994920
1.000000
.000000
.318126
1.000000
.999997
.000056
.000003
.000000
.999229
.000022
.000031
.000000
.999853
.000025
.000022
.000000
.000023
.057246
.000000
.000025
1.000000
.000237
.000022
.999867
.000000
.000000
.000022
.999702
.007835
1.000000
.985993
.000022
1.000000
.999588
1.000000
.991995
.000022
.000003
.999948
.000022
.000003
1.000000
1.000000
.000000
.000036
.000000
1.000000
1.000000
.999986
.000022
.997133
1.000000
.999234
.999842
.999588
.000000
.992133
1.000000
.000000
.000001
.000000
.050134
1.000000
.000024
1.000000
.000030
.000000
.000000
1.000000
1.000000
1.000000
.999856
.000000
.495940
.994258
.018504
.000010
.999899
.994956
1.000000
.991843
1.000000
1.000000
.000000
.993377
.984266
1.000000
.982474
.000000
.000000
1.000000
.000000
.000022
1.000000
.999971
.000022
.900289
.000000
.000022
1.000000
.999999
.000814
.000022
1.000000
.999999
.002038
.999601
.000000
.000000
.999886
.991614
.000000
1.000000
.000003
.989766
.008792
.000000
.000000
1.000000
.009832
.999975
.000000
1.000000
.991693
.994143
.000000
1.000000
1.000000
.001490
.999609
.000000
.985869
1.000000
.000022
.000001
.000000
.000022
1.000000
.000000
.000011
1.000000
1.000000
.392111
.996675
1.000000
.000000
.999588
1.000000
.000011
.000000
.966443
.000022
.000003
.000022
1.000000
1.000000
1.000000
.232079
1.000000
.000000
.000015
1.000000
.992485
1.000000
.999577
.000022
1.000000
.999984
.000000
.000006
1.000000
.000000
.002463
1.000000
.000023
.000022
.999934
.000000
.000022
.000000
.000000
1.000000
.999900
.999639
1.000000
.000038
.001484
1.000000
.975318
.000000
.000000
.000023
.000022
.992769
.000000
.000022
.000003
.994537
.999986
.000023
.000000
.000000
1.000000
.999816
.000823
.999807
.003254
.000000
1.000000
.999992
1.000000
.998534
.991614
.000000
.000000
.000000
.995739
.000000
1.000000
.991162
.994929
.000022
.000194
.999857
.000000
.999648
.011133
.000003
.157649
1.000000
1.000000
.000000
.000033
.000022
1.000000
1.000000
1.000000
.000000
.000003
1.000000
1.000000
.000022
.000022
1.000000
.000000
.997250
.000000
.000000
.999594
1.000000
.000022
.000000
.000000
1.000000
.997412
.991524
.000000
.000003
.000022
.999855
1.000000
.000022
.000000
.000000
.335187
.000022
.999999
1.000000
.000227
1.000000
.000001
.000000
.000000
.999587
.000023
.996593
.000022
.986740
.005016
1.000000
1.000000
1.000000
.999999
1.000000
1.000000
1.000000
.999993
1.000000
.000022
.991614
.000018
.991558
.000023
1.000000
.000022
.998994
.000000
.995236
1.000000
.000012
.989383
.000000
.999994
.000023
.000000
.000000
.999585
.999993
.000000
.999987
.994607
.000022
.000022
1.000000
1.000000
.000000
.999227
.000195
.991614
.000260
.991764
.000023
1.000000
.011451
1.000000
.000000
.000022
.000022
.000000
1.000000
.000023
.000000
.000000
.000023
.991606
.999999
.000000
.000002
1.000000
.005709
.002693
.000023
.000000
.000000
.000022
1.000000
.999621
.999014
1.000000
.000022
.000022
.985951
.991601
1.000000
1.000000
.991426
.999591
.999653
.000039
.999991
1.000000
.000000
1.000000
.000000
.999894
1.000000
.000022
1.000000
1.000000
.000000
.000000
.000000
.999950
.000000
.000000
1.000000
1.000000
.000032
.996074
1.000000
1.000000
.999294
.000022
.000000
.999963
.999995
.991614
1.000000
.991877
.991585
.000000
.000043
.000000
1.000000
.999807
.000028
.009827
.000000
1.000000
1.000000
.999982
.000191
.000021
.999959
.999994
.995954
.000000
.000000
.000044
1.000000
.010763
.000022
.999986
.000000
.000000
.999611
.999999
1.000000
.000000
.000003
.000000
.000022
.000000
.000004
1.000000
1.000000
1.000000
.000151
1.000000
.000022
.000000
.000000
.999950
.000000
.000050
1.000000
.993455
.000047
.000000
.999901
.000072
1.000000
.990514
1.000000
.153306
.993096
.000000
1.000000
.992385
.000034
.999380
.000000
.000022
.000022
1.000000
.999168
1.000000
.000000
.000000
.999421
.947108
.000000
.000022
.000013
.000022
.999987
1.000000
1.000000
.991584
.000064
.000000
1.000000
.000003
.000000
.000022
.999700
1.000000
.000000
.000000
1.000000
.000084
.000000
.998175
.000022
.000000
1.000000
1.000000
.000022
.000029
1.000000
.002692
.000017
.999576
.124400
.999997
.998416
1.000000
.991557
.999665
.999999
.000022
1.000000
.000000
.001080
.000000
.997690
1.000000
.000000
1.000000
.999560
.999939
.000007
.000000
.000000
.000000
.000022
.000000
.000021
1.000000
.999991
1.000000
.000000
.999989
.995102
.000000
.995270
.000010
.000022
.999943
.000022
.000003
.000022
.992973
.000000
.915711
1.000000
.000022
.999804
.991495
1.000000
1.000000
.000022
.000003
.997737
1.000000
.999699
.000022
.000022
.000000
.999588
.991980
.999020
.000022
1.000000
.000000
.000022
.000000
.000022
.000000
.996763
.999207
1.000000
.000000
.000022
.000000
.002185
.007995
.000003
.000000
.000023
1.000000
.994367
1.000000
1.000000
.000022
.000022
.999606
.000003
.000082
.991613
.000000
.998008
.996452
.000000
.000000
.139774
.968236
.000024
1.000000
.000003
.999980
.000000
.000022
1.000000
.999955
.000000
.000003
.000088
.999246
.000000
.999865
.000000
.000022
.999578
.999779
.999898
.004419
.000022
.999970
.000000
.000023
1.000000
.000000
.000000
.000022
.999985
1.000000
.000000
1.000000
.997162
.000022
.999753
.000011
.000000
.048451
.999611
1.000000
.000000
.000000
.000023
1.000000
.000022
.986964
1.000000
1.000000
.000022
.999999
1.000000
.000000
.995952
1.000000
1.000000
.000000
.992757
.000000
.000000
.052522
.000000
1.000000
1.000000
.001374
.996494
1.000000
.000007
.000513
.000003
.000000
1.000000
.000231
.000000
1.000000
.000000
.991614
.000000
.999613
.048450
.000022
.014035
1.000000
.000000
.991605
1.000000
.000011
.008633
.967178
.000000
.999001
.995258
.994663
.000022
.989192
.994983
.999766
.000000
.000022
1.000000
.000000
.000000
.000838
1.000000
.000000
.000000
.000022
1.000000
.000022
.000016
.000022
.000003
1.000000
1.000000
.992302
.999894
.000000
.999582
.000022
.991596
.000000
.000000
.999875
.999996
.000022
.999994
.000022
.000000
1.000000
.000000
.000000
.000000
.000000
.000052
1.000000
.000000
1.000000
.000022
.999975
1.000000
.000000
.999996
.000000
1.000000
1.000000
.000000
.986716
.000003
.994114
.993545
.000003
1.000000
.000022
.000000
1.000000
.991614
1.000000
.000023
.000000
.000000
.991613
.991585
.000003
.999998
.000000
1.000000
.000000
.104004
.000000
.000567
.999945
.000240
.000024
.000036
1.000000
1.000000
.999350
.000003
.000000
.999002
.000022
1.000000
.997793
.000000
.000022
.000022
1.000000
.000023
.000022
.000000
.000022
.000000
.999077
.000023
.000022
.999688
.992417
.999933
.999989
.000022
.000022
.000020
1.000000
1.000000
.000000
.999918
.000022
.999810
.999994
.000002
1.000000
1.000000
.731226
.000025
1.000000
.001123
.999578
.000000
.000003
.000023
.000072
1.000000
.000000
.999696
.000000
.000000
.999774
.000046
.000022
.000000
1.000000
.000022
.000000
.990573
.000003
.000165
.989634
.001195
.000022
.000022
.000023
.000215
.996794
.059215
.000022
1.000000
.000002
1.000000
.000000
.995093
.000023
.993563
1.000000
1.000000
.991579
.000196
.000000
1.000000
.005113
.000003
.000011
.000056
.999615
.999942
1.000000
.992798
.000000
1.000000
.811083
.995168
1.000000
.000003
1.000000
.000000
.000000
.000000
.000023
.000000
1.000000
.006755
.999011
1.000000
.999355
.000023
.000000
.000000
1.000000
.000003
.000000
.000096
.356709
.999932
.000022
.000000
.998278
.999919
.000000
.010059
.000003
.000000
.001123
.000000
.046038
.000003
.000000
.999822
.999155
1.000000
.000000
.994528
.000000
.000000
.000022
.000185
1.000000
1.000000
.000007
.000000
.976795
.999611
.019804
.999999
.000023
.000000
.994329
1.000000
.006343
.000022
.000000
.989196
1.000000
.999694
.000000
.000000
.006410
1.000000
.000022
.000022
.000003
.000022
1.000000
.999700
1.000000
.000002
.000022
1.000000
1.000000
1.000000
.000000
1.000000
.000000
.000003
.999990
1.000000
.000027
1.000000
.000000
.999714
.000023
1.000000
.999997
.000000
.999990
1.000000
.992725
.000000
.991614
.999653
1.000000
.744192
.082092
.000000
.994022
1.000000
.000000
.999500
.000022
.000000
.000000
.032166
.000022
.000000
.996137
1.000000
.000003
1.000000
.000000
.000000
1.000000
.999113
.000022
.001387
.000000
.106010
1.000000
.000022
.000000
.999999
.000022
1.000000
.000000
.000003
.079792
1.000000
1.000000
.000002
1.000000
1.000000
.000022
.999108
.000000
.991450
.000003
1.000000
.002527
.000000
.000022
.000000
.000022
.007616
.002534
.000000
.000000
.999943
1.000000
1.000000
.000597
.000022
.999861
.000000
.999963
.000000
1.000000
.128268
1.000000
.000022
.000000
.007597
.999611
.000000
.000000
.007031
.590097
.000252
1.000000
.000000
.000000
.000000
.000022
1.000000
1.000000
1.000000
.000049
1.000000
1.000000
1.000000
.998732
.000022
1.000000
1.000000
.000000
.000000
.000022
.000014
.000168
1.000000
.999979
.872212
.000005
1.000000
1.000000
.985814
.000020
.000000
.999999
.021368
1.000000
.003272
.999985
.000003
1.000000
.000000
.046391
.999010
1.000000
.000000
.000022
1.000000
1.000000
.991808
.009477
1.000000
.994957
.000022
.000022
.723199
.000003
.999021
.000026
.000002
.000002
1.000000
.000022
.000004
.122540
.991351
1.000000
1.000000
1.000000
.000023
.000022
.000022
1.000000
.000000
.000022
.421668
1.000000
.004392
.000022
.994046
.992813
.991606
.999998
.991606
.000000
.000022
.000000
.000000
.081523
.000075
.000003
1.000000
.999940
.999790
1.000000
1.000000
.000022
.000022
.983522
.022134
.000022
.000000
.002436
.000137
.000027
.994711
1.000000
.000030
.000022
.000003
1.000000
1.000000
.998831
.972423
1.000000
.000000
.977517
.000031
.999330
.000903
.005340
.000000
.000000
.999990
.000013
.000000
1.000000
.991977
.000029
.001045
.999477
.999968
1.000000
.999633
.999957
.000000
1.000000
1.000000
.000084
.000000
.000000
.000000
.000000
.000037
.000040
.999950
.000003
.000000
.000000
.000003
1.000000
1.000000
.999948
1.000000
.000025
.993396
.182982
.000023
.999975
.000031
1.000000
.999696
.000000
.000000
.999584
.000000
1.000000
.999998
.000022
.999989
.000000
.000023
.163362
1.000000
.000687
.000000
.000003
.000022
1.000000
.999965
1.000000
1.000000
.000003
.000000
.999663
1.000000
.000022
.999984
.004433
.999300
.000000
.000045
.000000
.999887
1.000000
.000000
.000000
1.000000
.000022
.000038
.999954
.002278
.000000
1.000000
.999999
.999517
.999652
.977449
1.000000
.000000
.991614
.991273
.000000
.000003
.000022
.000000
1.000000
1.000000
.999918
.001592
.996890
.008016
.000386
.000016
.997744
1.000000
.450949
.999999
.000022
.000664
.000022
1.000000
.999943
.000022
.000022
.000022
.000000
.000000
.000001
1.000000
1.000000
.000000
.000000
.999672
.344226
.000013
.004215
.000000
.000000
.999828
.000022
1.000000
.000026
1.000000
1.000000
.000025
.000000
1.000000
.000000
.007179
.000000
.799933
.999774
.999986
.999992
.000000
.546518
.996329
.000024
.999959
.401611
.999580
.000000
.000000
.000000
.991616
.003832
.048452
.000000
.000000
.000000
.000022
.000000
1.000000
.000028
.992712
.998040
.000000
.019969
1.000000
.000000
1.000000
1.000000
.000022
.999502
.996838
.000022
.000022
.000023
1.000000
1.000000
1.000000
.997508
1.000000
.000000
1.000000
1.000000
.991531
.000003
1.000000
.000000
.000000
1.000000
.000000
.000000
.000000
1.000000
.992127
.999628
1.000000
1.000000
.000003
.000000
.999990
.002204
.999913
.000020
1.000000
.000040
.999857
1.000000
.000024
.000022
1.000000
1.000000
1.000000
.000022
.000458
.000000
.999065
.000000
.986370
.000022
.000022
1.000000
.997960
.000003
.000006
.000004
.000000
1.000000
.000000
.000043
.000000
1.000000
.000023
.992077
.000005
.000022
.999951
.996590
.999999
.000000
.000000
1.000000
1.000000
1.000000
.997930
.000003
.999827
.999996
.000000
1.000000
.000003
.000003
.000000
.000023
.999123
.989855
.000041
.000000
.000000
.991691
.000000
1.000000
.000022
.999091
.000000
.000000
.999969
.000022
.000076
1.000000
.000000
1.000000
1.000000
.000000
.984168
.000022
1.000000
.999592
1.000000
1.000000
.999577
.003349
1.000000
.991614
1.000000
1.000000
.000023
.000000
1.000000
.999995
.000000
.999846
.000003
.000000
.000000
.000000
.991445
.000000
.000000
.000000
1.000000
.995787
.999070
.000000
.000003
.000002
.000295
.000000
1.000000
.000000
.000000
.000022
.000000
.999639
1.000000
.999984
.130270
.000003
1.000000
.000000
.000000
.000000
1.000000
.994438
.000022
1.000000
.000022
.999059
.000022
1.000000
.000022
.000000
.999026
.000022
.000000
.000000
.999637
.000000
.051020
.999999
.994493
1.000000
.000025
.000023
.996251
.000000
.991791
.000000
.000022
.052517
1.000000
1.000000
.999999
1.000000
1.000000
.000000
.000022
1.000000
.000023
.000000
.000000
.000022
.988475
.000022
.000014
1.000000
.000000
.999609
.000025
.000003
.000000
.000022
1.000000
1.000000
.999579
.000000
.000000
.000003
.000022
.000000
.000022
.000000
.999644
.993567
.965807
.000033
1.000000
1.000000
.000022
1.000000
.000000
.000023
1.000000
1.000000
.986897
.000000
.999998
.995381
.999998
.999606
.991834
.999604
.980957
.000022
.000000
.001538
.000022
1.000000
1.000000
.000000
.000000
.989755
.000000
.000000
.000000
1.000000
.999622
.000000
.991661
.996743
.016699
.000000
1.000000
1.000000
1.000000
.029387
1.000000
.999229
1.000000
.000000
1.000000
.000002
1.000000
.001484
1.000000
1.000000
1.000000
.000000
.999528
.999998
.000000
.000022
1.000000
.999077
.000030
.995556
1.000000
.000000
.999935
.009635
.000000
.999140
.000022
.000000
1.000000
.999929
.000000
.999073
1.000000
1.000000
.000022
1.000000
.000000
.991819
.000228
1.000000
.000002
.115901
.999999
.994907
.006900
.000022
1.000000
.000003
.000013
.000022
.007439
1.000000
.000000
.999949
.000022
1.000000
.057370
.000000
.000003
1.000000
.000000
.000022
1.000000
1.000000
.998438
.000003
.000000
.000022
1.000000
1.000000
1.000000
1.000000
1.000000
.000000
1.000000
.000022
.000026
.000000
.009830
.000022
.000000
1.000000
.000000
.994392
.000000
1.000000
.000000
1.000000
.000000
1.000000
.000000
.000000
.000000
1.000000
.000022
.991690
1.000000
.000000
.998800
.000000
1.000000
.000000
.999301
.000000
.000023
.999935
1.000000
.000022
1.000000
.000036
.000000
.016279
.000022
.000000
.999999
.999969
1.000000
.000023
1.000000
.000000
.999999
.000000
1.000000
.991428
.998470
.000000
.999999
.999559
.998972
.000022
.000000
.000000
.000022
.999591
1.000000
.991458
1.000000
.000000
.000022
1.000000
.000898
.000030
.000022
.000022
.000000
.998002
.048454
.991520
.999992
.000003
.000002
1.000000
.000022
1.000000
1.000000
.000000
1.000000
.999990
1.000000
.999049
.994689
1.000000
.000000
.000000
1.000000
1.000000
.584594
.000000
.999578
.000000
.000000
.000003
.000000
.000000
.000022
.000018
.000003
.000022
1.000000
.000022
.999756
.997662
.993921
.999985
.998805
.000003
.999995
1.000000
.000000
.999598
.000004
.000000
.999067
.000000
.006029
.999468
.000000
.905500
1.000000
1.000000
.000000
1.000000
.000022
.996153
.000003
1.000000
.000000
.999998
.373642
.000035
.000024
.000000
.987875
.000022
.009787
.000000
.000000
.999988
1.000000
.000009
.000000
.000003
.000000
.047597
.040765
.000355
.000000
.988244
.000012
.000000
.005728
1.000000
.000022
.000050
1.000000
.000000
1.000000
1.000000
.006734
.999907
.000022
.000000
.000000
.999998
.999135
.000022
1.000000
.991658
.000000
.000000
1.000000
.000022
.004413
.999583
.992190
.996096
.000367
.000022
.000000
.000155
.999985
.026205
.000000
.000003
.999360
1.000000
.000022
.001235
1.000000
.129143
1.000000
.000012
.999663
.999788
1.000000
.000022
.000022
.000022
.000022
.993380
.000000
.000000
.538638
.998274
.000000
1.000000
.999594
.999988
.999886
.000011
1.000000
.000022
1.000000
.000003
.000000
.000000
.000025
.000022
.000000
1.000000
1.000000
.000574
.999616
.000022
.535726
.000040
.000000
.000003
.000019
.000035
1.000000
.000000
.000003
.996027
.997533
.000023
.000000
.999950
.030052
.999625
1.000000
.000000
.000009
1.000000
1.000000
.000000
1.000000
.999978
.999948
1.000000
.000000
.001984
.999876
.000000
.000000
.991623
1.000000
.999999
1.000000
.995112
.992210
.120272
.994459
.000022
.990371
1.000000
.000022
.000000
1.000000
.999916
.000000
.000000
1.000000
.091639
.000000
.000000
1.000000
.000000
.991094
.999005
.000392
.000028
.000003
.000001
.000000
.999850
1.000000
.000022
1.000000
.999999
.000684
.000000
.000000
1.000000
.000023
.000000
.999598
.000000
1.000000
.000000
.000000
1.000000
.000022
.000000
.000021
1.000000
.000022
.000000
1.000000
1.000000
1.000000
.988383
.000000
.000004
1.000000
.982780
.000022
.000000
1.000000
.999811
.990180
1.000000
.000000
.000000
.000197
.000000
1.000000
.000000
.000000
.000000
.976823
.999575
.000003
1.000000
.999520
.000022
.000022
1.000000
.999918
.000040
.000000
.000000
.000000
.000003
.999632
1.000000
.999877
.999581
.000000
.000000
.990073
.000000
1.000000
.000137
1.000000
.000058
1.000000
1.000000
1.000000
1.000000
.000000
.998532
.991614
1.000000
1.000000
1.000000
.999999
.000022
.000022
1.000000
.000000
.000000
1.000000
.999045
1.000000
1.000000
1.000000
1.000000
1.000000
.999936
.000022
.989505
.999930
1.000000
.991855
1.000000
.000022
.000003
.999680
.000023
1.000000
.000022
.999987
.000000
.223595
.000022
.000000
.003253
.000000
.000022
.030144
1.000000
.999653
.999999
.999650
.000000
.000023
.000022
.999739
.999988
.000023
.000022
.000000
.810002
.000000
1.000000
.000003
1.000000
.000000
1.000000
.000003
.001108
.000000
.000022
1.000000
.999728
.001308
.000023
.985422
.000139
.000022
1.000000
1.000000
.000000
1.000000
.992664
.000022
.999847
.999670
1.000000
.000000
.999634
.000000
.000021
.001096
.000023
.000022
1.000000
.995080
1.000000
1.000000
.000023
.553404
.000022
1.000000
.000056
.000000
.991613
.000003
1.000000
.999892
.833089
1.000000
.000115
.000022
.000000
.217931
.000000
1.000000
.955436
.000394
.002061
.000022
.000022
.998793
.000000
.000000
.000022
.993334
1.000000
.999010
.999995
.000003
1.000000
.000000
.999861
.127990
.000022
.000026
.999631
.999599
.000023
1.000000
.999983
1.000000
.000022
.000000
.000022
1.000000
1.000000
.000000
.999537
.000000
.004688
.999999
.999994
1.000000
.039030
.024461
.999907
.000023
.021214
.000023
.002742
.000000
.000000
1.000000
.000023
1.000000
.000023
.000000
1.000000
.000000
1.000000
.000020
.990855
.000022
1.000000
1.000000
.007522
.999200
.008862
.000000
.955818
.009791
.000022
1.000000
.000000
.000000
1.000000
.000023
.000000
.999922
.999992
.999600
.000000
.000266
.000022
.000000
.000022
.000001
.000017
.000000
1.000000
1.000000
.000000
.998864
.000022
.000022
1.000000
.000022
1.000000
1.000000
1.000000
1.000000
1.000000
1.000000
.983146
.000027
.000003
.000023
.000000
.998586
.999575
.000022
.000000
.996595
.000022
.000022
.000022
.000003
.000000
.000000
.991614
1.000000
.999602
.000003
.999999
1.000000
.999998
.000000
.999589
1.000000
.999160
.000022
1.000000
.988866
1.000000
.000022
.195740
.000022
.999040
1.000000
.000022
.997771
.000129
.000000
1.000000
.000000
1.000000
1.000000
.000022
1.000000
.991605
1.000000
.000000
.999750
.999931
.000000
1.000000
.999789
.001673
.999253
.995145
1.000000
.000000
.000415
.996467
.085882
1.000000
.000081
.991614
1.000000
1.000000
.000000
1.000000
.997250
.000000
.000000
.000021
.000022
.997984
1.000000
.000161
.000025
.001553
.999994
.000025
.000022
.980332
.158736
1.000000
.000006
.000000
.000022
.000023
1.000000
.945080
.998979
1.000000
.000003
.000000
.006875
.000022
.000022
.898394
.000000
.000022
.000004
.999871
.007450
1.000000
.000022
1.000000
.000973
.000004
.999979
.999994
.991613
.999996
.000376
.991599
.000000
.000000
.999450
1.000000
1.000000
.000000
.000002
.000000
.000000
.000000
1.000000
.999175
.000000
1.000000
.991741
.000003
.000023
1.000000
.000024
.000000
.000379
.000000
.999575
.000000
.000000
.000023
.000000
.000003
1.000000
1.000000
.009179
.000022
.991589
.000022
1.000000
1.000000
.999057
1.000000
.000022
.000022
.999850
.000000
.999074
.000337
.000000
.000022
.000000
1.000000
.000000
.999998
.999806
.000022
1.000000
.991678
.996099
1.000000
.000000
.000000
1.000000
.999985
.000000
.986550
.000000
1.000000
1.000000
.000636
.999967
.000022
.000000
.999595
.000000
1.000000
.000000
1.000000
.991591
.999588
1.000000
.002992
1.000000
.000042
.999997
1.000000
.999639
.000022
.997968
.000000
.999599
.054929
.000000
.999070
1.000000
.999993
.999725
.000000
.000004
.999158
.999482
.000001
1.000000
.000000
.000022
.060161
.999966
.000022
.984229
.000000
.000023
.000000
.999576
.000029
.000000
.974413
.999999
1.000000
1.000000
1.000000
1.000000
.000000
.000000
1.000000
1.000000
.000022
.009776
1.000000
.000000
.000000
.000022
.000000
1.000000
.000022
.000022
1.000000
.000000
.000022
1.000000
1.000000
.000000
.999789
.000801
.000001
1.000000
1.000000
1.000000
1.000000
.000000
1.000000
.000022
.993416
.000040
.999021
1.000000
.000000
1.000000
.991806
.000000
1.000000
.000572
.000022
.000022
.000003
.999928
.995653
.000298
.999602
.999671
.999997
.105418
.000000
.994275
.006577
.990873
1.000000
.999018
1.000000
.000022
1.000000
.002160
1.000000
.999420
.002927
.000000
1.000000
1.000000
.991629
.000000
.000009
1.000000
.999866
.010316
1.000000
.000024
.999777
.000027
1.000000
.003288
1.000000
.000000
.999969
1.000000
.004286
1.000000
1.000000
.983999
1.000000
1.000000
.999998
1.000000
.994839
.999986
1.000000
.000015
.000129
1.000000
.000022
.998068
.999954
.000000
.000022
.999720
.000000
1.000000
.000000
.000000
.000000
.999085
.999964
.000026
.000000
.000023
.002267
1.000000
1.000000
.998681
.977479
.999566
1.000000
1.000000
.000000
1.000000
.000000
.000000
.000029
1.000000
.000000
.000000
1.000000
.995061
.000000
.000000
.000000
.000002
1.000000
.999124
1.000000
1.000000
.000022
.999021
.000000
.002798
.999876
.001200
.000023
.982252
.000022
.000003
1.000000
.000000
.009824
.992168
1.000000
.000022
.000026
1.000000
.000002
.000000
1.000000
.000022
.999990
.000023
.000000
.000003
1.000000
.035641
.999523
.000000
.000000
.999969
.999924
.000000
.009511
.000003
.996724
.000000
1.000000
.000003
1.000000
.997165
.000000
1.000000
1.000000
.401361
.000001
.000000
1.000000
.958006
.000000
.000022
.000000
1.000000
.000022
.191112
.000003
.990503
1.000000
.108784
.000000
1.000000
1.000000
.000027
.000022
.999625
.000000
.013123
.000022
.000000
1.000000
1.000000
.000022
1.000000
.000016
.000022
1.000000
.000022
1.000000
.999883
.000022
1.000000
1.000000
.000000
.999999
.000022
.999380
.000000
.000000
1.000000
.999212
1.000000
.000000
.999988
.995272
1.000000
.999993
.000022
.000000
.141846
1.000000
.985699
.000000
.000022
.000000
.999997
1.000000
.000000
.991755
.000041
.000024
.000000
.000000
.000000
.999996
.000807
.000000
.000000
.000022
.000000
.995436
.000041
.000022
1.000000
.758228
.000000
.000000
.029280
1.000000
.774588
1.000000
1.000000
.000022
.999893
.000022
.000022
1.000000
.009762
.000000
.991459
1.000000
.005578
.000000
1.000000
.991613
.000000
1.000000
.999577
.991628
.000003
1.000000
.999656
1.000000
.991963
.991667
.000000
1.000000
.000022
1.000000
1.000000
.000022
1.000000
.983526
.000022
.000000
1.000000
.000022
.000000
1.000000
.988900
.000022
1.000000
.000003
.991577
1.000000
1.000000
.025308
1.000000
.991613
.999579
.000000
.000022
.000003
.000000
1.000000
.000000
1.000000
.000000
.000022
1.000000
.000000
.996326
.000023
.000036
.999980
1.000000
.887890
1.000000
.000022
.000000
.000022
.999948
.999660
.000022
.991615
.990273
.000022
.996365
.000022
.999866
1.000000
.008380
.999429
.000026
1.000000
.979155
1.000000
.000022
.000000
.000003
.000023
.000028
1.000000
.096943
.000022
.000000
.000000
.000000
.999718
.990592
.000000
.000000
1.000000
.999172
1.000000
1.000000
.999461
.995790
.999731
1.000000
.991315
.000022
.000000
.000022
.999965
.000000
.000000
.000023
1.000000
.007534
.002964
.000000
1.000000
.000022
.000000
1.000000
.999741
.000000
1.000000
.000022
1.000000
.006127
1.000000
.999788
.999014
.000000
.000000
.000027
.000031
1.000000
1.000000
.999839
.000000
.000000
.000103
.999095
1.000000
1.000000
.999136
.000022
.000022
.990084
.000053
.999982
.000000
.000011
.999036
.000003
.000000
.000000
.000022
.984480
.000442
.991612
.999896
1.000000
1.000000
.999868
.999261
.000002
.983009
.999075
.002285
.000000
.000000
.002154
.000022
1.000000
.000018
1.000000
.000023
1.000000
.000004
.000000
1.000000
1.000000
.000022
.000000
.992040
1.000000
.000000
.000000
.000022
.000000
.999682
1.000000
.999459
.000022
.000022
1.000000
.000022
.000022
.000022
.000003
.000022
.000000
1.000000
.000000
.000056
.999928
.000023
1.000000
.000003
.999954
.000000
.000590
.000000
1.000000
1.000000
.000000
.000022
.997834
.000023
1.000000
.000022
.000028
.000000
.996096
.999924
.000325
.995515
.000022
1.000000
.000003
.999999
1.000000
.000024
.999739
.000000
.000022
.000002
1.000000
.999984
.000000
.000000
.000000
.000022
.000000
.000022
.000022
1.000000
.000024
1.000000
.991613
.996767
.999999
.000002
1.000000
.999684
.999599
.000000
.923282
.736061
.988914
.000022
1.000000
1.000000
.000000
1.000000
.000000
.000000
1.000000
.000130
.000000
.992370
.000000
.000000
1.000000
.989810
.996426
1.000000
1.000000
.000000
.000022
.000000
.987919
.999982
1.000000
.000154
.000000
.953518
.010864
.999878
.009734
.965556
1.000000
.000000
.999583
.000000
1.000000
.000000
1.000000
1.000000
1.000000
.000006
.999978
1.000000
.996290
.000000
.000042
.586209
1.000000
1.000000
.999765
.000000
1.000000
.000003
.000022
.000000
.000000
.132204
.999073
.999877
.922553
1.000000
.000000
.000000
.000003
.000003
.044810
.000000
.000000
.993523
.000340
1.000000
.000122
1.000000
1.000000
.999745
.000000
.047715
1.000000
1.000000
.000023
.000022
.000044
.000000
.000003
.999495
1.000000
.991680
.999507
.000003
.000000
1.000000
.000000
.000022
.000000
1.000000
1.000000
.999699
1.000000
.000032
.999994
1.000000
.000000
.999971
1.000000
.992505
.000022
.999125
1.000000
.995107
1.000000
1.000000
.000000
.000019
1.000000
.000000
.000000
.000000
.000022
.000022
1.000000
.000026
.999350
.999139
.000022
.000003
1.000000
.000022
.000025
.000003
.999993
1.000000
.000023
.000243
.000000
.000000
.992046
.999893
.996185
.007964
.000000
1.000000
.000022
1.000000
1.000000
.000000
.991190
.875149
1.000000
1.000000
.000022
.000000
.991983
.001759
1.000000
.000022
.000003
.000003
1.000000
.000003
.000000
.000000
.003623
.000001
.000000
.000003
.991613
.000022
.999999
.000006
.000266
1.000000
1.000000
.000022
.991806
.000000
.000000
1.000000
.000000
.000022
.000000
.000022
.000000
1.000000
1.000000
1.000000
.999999
.000022
.000000
.000000
1.000000
.000000
.999636
.000000
.000000
1.000000
.000000
1.000000
.999918
.999996
.000003
.992382
.999936
.000022
.000022
1.000000
.000025
.000003
.004720
.987293
.999022
.000000
1.000000
.000022
1.000000
.000000
1.000000
1.000000
1.000000
.000000
.000000
.998679
.999589
.000000
.000000
.000022
.999039
.002396
.999431
.000000
1.000000
.000003
.999636
.000022
1.000000
1.000000
.995754
.000022
.000000
.002647
1.000000
.000000
.999593
.000022
.000000
1.000000
1.000000
.049556
1.000000
.000001
.997934
.000000
.000022
.991600
.000000
.000022
.999205
.000003
.991686
.000000
.000000
.000002
1.000000
.000000
1.000000
.000022
.000022
.000000
.981356
.000647
1.000000
.000023
.993995
1.000000
.000000
.000000
.000000
.000007
1.000000
.000003
1.000000
1.000000
.000022
.000022
.000003
.999925
.997902
.986756
.000000
.022499
.000000
.000000
1.000000
.992844
.000000
.000000
.000000
.000023
1.000000
.000022
1.000000
1.000000
.998778
.000000
.003333
1.000000
.000022
1.000000
1.000000
.000805
.000000
.000003
.000000
.000022
.000005
.990631
.000022
1.000000
.000000
.000000
.000000
.000022
1.000000
.999972
.996340
.001665
.000000
1.000000
1.000000
.999815
.000022
.000000
1.000000
1.000000
.000000
.000014
1.000000
.000000
1.000000
1.000000
.000000
.000000
.997467
.999873
.000023
.000003
.999998
.999580
.000022
1.000000
1.000000
1.000000
.992529
.940470
.999997
.999996
.000004
.000022
.000000
.000000
.999999
.000000
.000005
.999965
1.000000
.000022
.000023
.000000
.000022
1.000000
1.000000
.000000
.000003
.999847
.989311
1.000000
.000003
.999970
.999523
.999991
.999962
.999984
.000000
1.000000
.000000
.000007
.000000
.004476
.000000
.000000
1.000000
.000000
.999974
1.000000
1.000000
.991189
.000023
.995169
.000001
1.000000
.000000
.004909
.000166
.000000
.000022
.000013
.995414
.999313
.000000
.000110
.999001
.000022
.000023
.993940
1.000000
.000023
.995460
1.000000
.999999
1.000000
1.000000
.000023
.000000
.999654
.000000
1.000000
.910225
.000047
.000000
.995957
1.000000
.059239
1.000000
.000022
.000236
.991609
.000000
.000000
.000083
1.000000
.999430
.000022
.000022
.047171
.011664
1.000000
1.000000
1.000000
.000002
.000022
.000000
1.000000
1.000000
.008664
1.000000
1.000000
.000023
.999997
.000000
.000000
.000022
.000000
.000022
.000000
.000019
.000022
.999617
.000446
.000023
.000023
.000000
1.000000
.000023
.999916
.999066
.000030
.000022
.042905
.000000
.005311
.999633
